AO-07
1 07530U 74089B   26187.04556501 -.00000048  00000-0 -10450-4 0  9991
2 07530 101.9900 200.4886 0012661  95.2497 283.4144 12.53698405362883
UO-11
1 14781U 84021B   26186.88052194  .00001398  00000-0  14756-3 0  9993
2 14781  97.8068 152.2478 0009004 116.9719 243.2420 14.90833072259917
LO-19
1 20442U 90005G   26187.01948567  .00000121  00000-0  59993-4 0  9993
2 20442  98.8845 209.3435 0012167 146.5211 213.6744 14.34128943905098
AO-27
1 22825U 93061C   26187.15897373  .00000104  00000-0  56422-4 0  9993
2 22825  98.6872 254.5649 0009206  50.4327 309.7668 14.30947458709712
FO-29
1 24278U 96046B   26187.16411200 -.00000021  00000-0  13164-4 0  9990
2 24278  98.5225  33.4351 0350696  47.3300 315.6829 13.53275028475737
GO-32
1 25397U 98043D   26186.95973366  .00000066  00000-0  48536-4 0  9993
2 25397  99.0076 180.1925 0001896 129.5946 230.5400 14.24432127454002
ISS
1 25544U 98067A   26187.08895395  .00007119  00000-0  13761-3 0  9990
2 25544  51.6304 206.5355 0006733 261.2547  98.7678 15.48915600574687
NO-44
1 26931U 01043C   26187.22706404  .00000117  00000-0  74704-4 0  9993
2 26931  67.0487 195.0256 0005997 265.8925  94.1492 14.31962594293175
SO-50
1 27607U 02058C   26187.10353916  .00000968  00000-0  13139-3 0  9992
2 27607  64.5520  70.4578 0074778 258.9395 100.3295 14.83086846267262
CO-55
1 27844U 03031E   26187.00406878  .00000312  00000-0  15365-3 0  9998
2 27844  98.6737 195.3263 0010573 126.4787 233.7367 14.24347598194357
RS-22
1 27939U 03042A   26187.30601913  .00001493  00000-0  23784-3 0  9990
2 27939  98.3475  12.2049 0010540 202.2766 282.7303 14.73504656218367
CO-65
1 32785U 08021C   26187.20679258  .00005294  00000-0  33294-3 0  9993
2 32785  97.8291 169.0238 0007675 336.2233  23.8639 15.09646239988066
CO-66
1 32791U 08021J   26186.93353014  .00020454  00000-0  63447-3 0  9996
2 32791  97.7526 185.7350 0001926 178.5617 181.5631 15.33438774990167
RS-30
1 32953U 08025A   26187.25224144  .00000051  00000-0  30000-3 0  9997
2 32953  82.5057 343.5789 0018501 269.8179  90.0781 12.43180391822062
SRMSAT
1 37841U 11058D   26186.61154329  .00000404  00000-0  75655-4 0  9992
2 37841  19.9728 307.9551 0011863  46.8223  73.4725 14.11579636760425
ZACUBE-1
1 39417U 13066B   26186.87028241  .00003914  00000-0  30309-3 0  9990
2 39417  97.8029 149.3009 0043336 185.1582 174.9202 15.01298892683531
Delfi-N3xt
1 39428U 13066N   26187.25125732  .00006506  00000-0  56326-3 0  9995
2 39428  97.8319 107.5455 0075351 142.2220 218.4324 14.95285802677475
GOMX-1
1 39430U 13066Q   26187.31964936  .00002752  00000-0  41580-3 0  9997
2 39430  97.6472  26.5744 0129064  16.6920 343.8475 14.69528945672721
LO-74
1 39440U 13066AA  26187.28715879  .00004323  00000-0  39945-3 0  9992
2 39440  97.8914 136.3484 0056285 325.7872  33.9725 14.93930627679846
AO-73
1 39444U 13066AE  26186.88139067  .00008644  00000-0  53111-3 0  9991
2 39444  97.8282 158.7205 0037438 138.2012 222.2087 15.09732686682480
DTUSAT-2
1 40030U 14033W   26186.92784552  .00008031  00000-0  43027-3 0  9994
2 40030  98.0877 185.8481 0008577 159.4923 200.6653 15.15272734655525
LILACSAT-2
1 40908U 15049K   26187.23098956  .00016647  00000-0  27667-3 0  9991
2 40908  97.4624 224.8017 0007615 168.9328 191.2093 15.52121757598705
Horyu-4
1 41340U 16012D   26182.79199294  .04204222 -38650-5  11151-2 0  9996
2 41340  30.9791 330.1929 0008660 346.1826  13.8606 16.27112331573163
Lapan A3
1 41603U 16040E   26187.24909640  .00003624  00000-0  11512-3 0  9991
2 41603  97.1499 182.7702 0008607 314.9664  45.0880 15.33237115557739
CAS-2T
1 41847U 16066G   26187.14811132  .00001511  00000-0  21841-3 0  9995
2 41847  98.3815 262.6674 0342666  72.1432 291.6818 14.44755715507537
TechnoSat
1 42829U 17042E   26186.99843196  .00003731  00000-0  26571-3 0  9999
2 42829  97.4297 343.9433 0018196  33.4023 326.8348 15.05069372489535
AO-91
1 43017U 17073E   26187.05851868  .00007818  00000-0  34123-3 0  9998
2 43017  97.4676  53.8880 0148163 263.3819  95.0530 15.12980276468240
S-Net D
1 43186U 18014G   26187.26384849  .00005326  00000-0  27387-3 0  9990
2 43186  97.5340  91.9355 0006802 323.3476  36.7291 15.16863856461657
S-Net B
1 43187U 18014H   26187.27567552  .00005769  00000-0  29659-3 0  9991
2 43187  97.5345  91.9344 0007321 316.9087  43.1572 15.16833783461654
S-Net A
1 43188U 18014J   26187.26262046  .00005266  00000-0  27074-3 0  9992
2 43188  97.5356  92.1340 0007212 318.1163  41.9518 15.16872249461650
S-Net C
1 43189U 18014K   26187.27965072  .00005778  00000-0  29705-3 0  9994
2 43189  97.5373  92.2284 0008434 307.7137  52.3331 15.16825091460202
Ten-Koh
1 43677U 18084G   26187.09785151  .00002772  00000-0  21072-3 0  9991
2 43677  98.0743  20.2564 0010287  57.9031 302.3190 15.03010089419001
PO-101
1 43678U 18084H   26187.24206240  .00001151  00000-0  96352-4 0  9990
2 43678  98.1213  24.2825 0013060 111.4950 248.7667 15.00536738419077
QO-100
1 43700U 18090A   26186.93828420  .00000158  00000-0  00000-0 0  9995
2 43700   0.0170  67.3752 0002290  77.4049 142.7409  1.00274247 27865
MinXSS-2
1 43758U 18099A   26187.16679803  .00040266  00000-0  76002-3 0  9994
2 43758  97.4520 264.0244 0008057 188.2057 171.9063 15.48321399417069
AO-95
1 43770U 18099N   26187.14808144  .00011089  00000-0  41898-3 0  9994
2 43770  97.4372 247.3283 0006894 278.7203  81.3255 15.27141617416112
SNUSat 2
1 43782U 18099AA  26187.13669278  .00007931  00000-0  34843-3 0  9992
2 43782  97.4045 240.2314 0009271 220.8240 139.2303 15.22146277415916
SnugLite
1 43784U 18099AC  26187.14268118  .00011698  00000-0  43561-3 0  9995
2 43784  97.3853 241.2396 0002707 185.4198 174.7012 15.27622563416217
ITASat 1
1 43786U 18099AE  26187.12322814  .00006673  00000-0  31880-3 0  9997
2 43786  97.4014 238.2585 0010719 287.2873  72.7188 15.19307426415789
EAGLET 1
1 43790U 18099AJ  26187.09983753  .00004885  00000-0  27938-3 0  9995
2 43790  97.4216 236.2679 0009461 281.0829  78.9338 15.13088258415198
ESEO
1 43792U 18099AL  26187.07173281  .00001315  00000-0  98541-4 0  9996
2 43792  97.3954 223.6514 0010368 269.2543  90.7495 15.04300978414646
JO-97
1 43803U 18099AX  26186.62217810  .00022572  00000-0  68069-3 0  9995
2 43803  97.4115 249.5264 0005983 188.7802 171.3337 15.34293802416450
Suomi 100
1 43804U 18099AY  26187.12428192  .00012915  00000-0  46204-3 0  9996
2 43804  97.4172 247.4516 0009697 203.9614 156.1176 15.28881222416317
ISAT
1 43879U 18111D   26186.80857614  .00123582  00000-0  10531-2 0  9998
2 43879  97.5865 123.5103 0005939 157.3944 202.7579 15.69145808414083
UWE-4
1 43880U 18111E   26186.78293923  .00043173  00000-0  84254-3 0  9995
2 43880  97.5843 116.0459 0004684 235.7756 124.3050 15.47365913413652
Sparrow
1 43881U 18111F   26186.78115182  .00274620  00000-0  13565-2 0  9995
2 43881  97.6095 129.4744 0006520 143.5709 216.6003 15.81322757414306
Prox-1
1 44339U 19036A   26186.73128147  .00016861  00000-0  16299-2 0  9999
2 44339  23.9962 350.3366 0005260 254.6160 105.3758 14.91100394376242
Taurus 1
1 44530U 19059C   26187.27330802  .00005777  00000-0  92175-3 0  9992
2 44530  98.6437 353.2884 0007494 246.7196 113.3221 14.72309731361456
TO-108
1 44881U 19093C   26187.29595525  .00001741  00000-0  20225-3 0  9990
2 44881  97.7520 259.0620 0014322  29.9533 330.2499 14.86554685354255
RS-44
1 44909U 19096E   26186.84679268  .00000031  00000-0  72538-4 0  9997
2 44909  82.5236 327.3051 0218589 100.7408 261.8383 12.79748982304733
SALSAT
1 46495U 20068K   26186.98192541  .00008505  00000-0  29470-3 0  9999
2 46495  97.8857 191.1942 0008327 228.1198 131.9331 15.30081867318239
CSS (TIANHE-1)
1 48274U 21035A   26187.30505103  .00013102  00000-0  17388-3 0  9994
2 48274  41.4676 205.7143 0002936 272.6042  87.4460 15.58006739296156
CUTE
1 49263U 21088D   26186.79533647  .00426019  83917-4  68779-3 0  9994
2 49263  97.4067 288.0053 0002231 234.6586 125.4486 16.03503861265520
TeikyoSat 4
1 49396U 21102B   26187.07884604  .00002281  00000-0  14569-3 0  9999
2 49396  97.3663 215.8279 0010854 221.5198 138.5208 15.09579270255573
Z-Sat
1 49399U 21102E   26187.24423296  .00005012  00000-0  24594-3 0  9991
2 49399  97.3310 221.9890 0016737 174.9068 185.2339 15.18417270256335
KOSEN 1
1 49402U 21102H   26187.08032578  .00008961  00000-0  33848-3 0  9995
2 49402  97.3174 228.8718 0015002 136.4575 223.7852 15.27122117256907
HO-113
1 50466U 21131B   26187.28361009  .00000795  00000-0  25904-3 0  9996
2 50466  98.4984 279.5705 0005055  52.9643 307.2007 14.41377227237867
SNUGLITE 2
1 52899U 22065F   26186.89002976  .00001094  00000-0  21623-3 0  9993
2 52899  98.2226 331.6898 0006733 334.1353  25.9512 14.64383261213731
UmKA 1 (RS40S)
1 57172U 23091G   26187.17344001  .00006611  00000-0  30008-3 0  9999
2 57172  97.5035 245.7992 0013799  58.6760 301.5824 15.21052983166891
CubeBel-2 (EU11S)
1 57175U 23091K   26187.15787897  .00013419  00000-0  46842-3 0  9991
2 57175  97.5036 250.5491 0010441  56.0498 304.1733 15.29668991167208
RS-38S
1 57189U 23091Z   26187.16635383  .00017072  00000-0  47820-3 0  9995
2 57189  97.5078 257.0389 0006556  15.0076 345.1361 15.36672272167607
SONATE-2
1 59112U 24043Q   26186.93978031  .00046233  00000-0  56556-3 0  9992
2 59112  97.5549 338.5082 0007014 135.5229 224.6591 15.60245655130818
GRBBeta
1 60237U 24128C   26187.13429786  .00004040  00000-0  28015-3 0  9996
2 60237  61.9891 149.7836 0038222 138.6589 221.7409 15.06765581109121
Curium One
1 60242U 24128H   26187.14238305  .00008008  00000-0  45870-3 0  9994
2 60242  61.9782 138.6265 0037558 134.8741 225.5416 15.12777647109323
ROBUSTA-3A
1 60243U 24128J   26187.18406437  .00007645  00000-0  44875-3 0  9992
2 60243  61.9857 141.0534 0039098 131.8294 228.6151 15.11898705109299
CatSat
1 60246U 24125J   26186.55213240  .00089237  00000-0  10377-2 0  9996
2 60246  97.2068  39.3191 0021562 116.4855 243.8618 15.61146468110257
HYPERVIEW-1G (RS66S)
1 61772U 24199AP  26187.14274907  .00214217  00000-0  10244-2 0  9996
2 61772  97.2813  67.8953 0007660 165.8633 194.2851 15.82169879137663
AO-123
1 61781U 24199AY  26187.12500926  .00008075  00000-0  23241-3 0  9992
2 61781  97.2975  55.6257 0012144 235.9044 124.1049 15.35962149136830
JINJUSat 1B
1 63210U 25052A   26186.28284404  .00027718  00000-0  83951-3 0  9995
2 63210  97.3977  83.0668 0004306  53.4289 306.7350 15.34121638 72873
NUSHSAT 1
1 63211U 25052B   26186.94779331  .00024141  00000-0  67271-3 0  9991
2 63211  97.3954  84.3652 0004067  59.0293 301.1350 15.36771884 73020
TEVEL2-4
1 63213U 25052D   26186.24043706  .00031346  00000-0  91379-3 0  9997
2 63213  97.3872  82.6666 0004352  70.8650 289.3064 15.35303959 72887
TEVEL2-5
1 63214U 25052E   26186.39338315  .00028273  00000-0  82946-3 0  9992
2 63214  97.3873  82.7629 0004363  72.3429 287.8291 15.35125326 72900
TEVEL2-6
1 63215U 25052F   26187.25352612  .00020103  00000-0  59119-3 0  9995
2 63215  97.3877  83.6095 0004121  74.3396 285.8302 15.35119295 73033
TEVEL2-1
1 63217U 25052H   26187.15891383  .00018483  00000-0  55360-3 0  9991
2 63217  97.3845  83.1159 0004763  78.4385 281.7392 15.34555105 73005
TEVEL2-3
1 63218U 25052J   26186.95722170  .00020249  00000-0  60514-3 0  9996
2 63218  97.3854  82.9383 0004539  80.4849 279.6907 15.34608768 72978
TEVEL2-2
1 63219U 25052K   26186.96348210  .00019683  00000-0  58925-3 0  9990
2 63219  97.3848  82.9231 0004795  79.3040 280.8743 15.34558685 72972
TEVEL2-9
1 63237U 25052AD  26187.16133809  .00017138  00000-0  54690-3 0  9997
2 63237  97.3914  82.4548 0008221  81.8124 278.4050 15.32531668 72931
TEVEL2-7
1 63238U 25052AE  26186.22636433  .00026511  00000-0  85258-3 0  9994
2 63238  97.3915  81.4293 0008312  84.3933 275.8257 15.32192740 72783
TEVEL2-8
1 63239U 25052AF  26186.23479095  .00026777  00000-0  86147-3 0  9997
2 63239  97.3912  81.4140 0008320  84.8446 275.3745 15.32178382 72788
SPIRONE
1 66657U 25274H   26186.74544469  .00003469  00000-0  33353-3 0  9998
2 66657  97.7474 115.7716 0010809 318.9961  41.0445 14.93627695 32996
K-HERO
1 66660U 25274L   26186.81186312  .00002840  00000-0  27110-3 0  9995
2 66660  97.7480 116.0120 0012796 322.3845  37.6479 14.94037260 33013
SNUGLITE-III DURI
1 66661U 25274M   26186.33037477  .00002636  00000-0  25186-3 0  9994
2 66661  97.7473 115.5578 0013585 324.5372  35.4944 14.94067881 32949
SAKHACUBE-CHOLBON
1 67290U 25313AU  26187.18821336  .00009322  00000-0  37322-3 0  9990
2 67290  97.3922 261.9890 0007586 289.5365  70.5053 15.25251316 28873
RS95S (QMR-KWT-2)
1 67291U 25313AV  26187.15810737  .00014617  00000-0  55653-3 0  9991
2 67291  97.3920 262.1761 0007251 285.3364  74.7073 15.26815669 28881
Ten-Koh2
1 68261U 25241B   26186.83567606  .00006549  00000-0  27920-3 0  9998
2 68261  51.6632 230.8691 0004804 198.7671 161.3131 15.24114035 17754
JACK-002
1 68417U 26067B   26186.86369056  .00007110  00000-0  33673-3 0  9997
2 68417  97.4577 145.2265 0002122 150.8637 209.2716 15.19635798 14780
DISCO 2
1 68431U 26067R   26186.88846015  .00009793  00000-0  46593-3 0  9994
2 68431  97.4612 145.2395 0000479  17.7855 342.3397 15.19375406 14787
HADES-SA (SpinnyONE)
1 68446U 26067AG  26186.85977878  .00020143  00000-0  94259-3 0  9993
2 68446  97.4410 144.8845 0007378  33.2964 326.8733 15.19755922 14767
PARUS-6U1
1 68456U 26067AS  26186.78210234  .00007593  00000-0  37945-3 0  9995
2 68456  97.4561 144.8621 0005858  20.5528 339.5940 15.17726656 14753
SAL-E
1 68458U 26067AU  26186.84009066  .00009388  00000-0  46398-3 0  9999
2 68458  97.4489 144.8450 0006376  29.0890 331.0698 15.18045389 14762
FSI-SAT 2
1 68792U 26088A   26186.87856110  .00005095  00000-0  34349-3 0  9990
2 68792  97.5098 335.6722 0015425  48.5598 311.6952 15.06995910 11101
OrigamiSat 2
1 68795U 26088D   26186.39845058  .00018759  00000-0  11795-2 0  9999
2 68795  97.5100 335.3964 0014975  21.7281 338.4580 15.09178920 11048
ARICA 2
1 68796U 26088E   26186.86730272  .00004597  00000-0  29727-3 0  9993
2 68796  97.5091 335.8305 0015942  20.6304 339.5565 15.08584699 11117
WASEDA-SAT-ZERO-II
1 68797U 26088F   26186.39578238  .00008985  00000-0  57262-3 0  9994
2 68797  97.5087 335.3842 0015704  21.6133 338.5756 15.08859778 11047
MANGARO-II-Piscus
1 68798U 26088G   26186.98177441  .00004124  00000-0  26429-3 0  9993
2 68798  97.5092 335.9917 0019324  21.2520 338.9507 15.08922935 11135
