OBJECT_NAME,OBJECT_ID,EPOCH,MEAN_MOTION,ECCENTRICITY,INCLINATION,RA_OF_ASC_NODE,ARG_OF_PERICENTER,MEAN_ANOMALY,EPHEMERIS_TYPE,CLASSIFICATION_TYPE,NORAD_CAT_ID,ELEMENT_SET_NO,REV_AT_EPOCH,BSTAR,MEAN_MOTION_DOT,MEAN_MOTION_DDOT
GPS BIIR-5  (PRN 22),2000-040A,2026-06-03T18:23:29.467392,2.00557649,.01212083,54.8531,215.6956,302.4100,11.1020,0,U,26407,999,18967,0,.36E-6,0
GPS BIIR-8  (PRN 16),2003-005A,2026-06-02T02:48:14.599296,2.00561461,.01479309,54.8845,215.5678,53.0404,285.3077,0,U,27663,999,17100,0,.42E-6,0
GPS BIIR-11 (PRN 19),2004-009A,2026-06-03T10:31:54.628608,2.00555284,.01155497,54.8416,276.2428,172.5074,193.8280,0,U,28190,999,16267,0,-.34E-6,0
GPS BIIR-13 (PRN 02),2004-045A,2026-06-02T18:56:54.369024,2.00555416,.01698152,55.1451,325.4759,316.0475,6.4312,0,U,28474,999,15813,0,-.77E-6,0
GPS BIIRM-1 (PRN 17),2005-038A,2026-06-02T08:52:58.718784,2.00566825,.01277896,54.8906,273.7755,296.0552,46.7021,0,U,28874,999,15153,0,-.34E-6,0
INMARSAT 4-F2 (SOUTHPAN/PRN 122),2005-044A,2026-06-03T22:42:51.767136,1.00270607,.0003276,5.0778,43.7191,29.7378,303.1482,0,U,28899,999,7538,0,-.25E-5,0
GPS BIIRM-2 (PRN 31),2006-042A,2026-06-03T06:41:09.168576,2.00570746,.0106302,54.7088,151.8912,54.0916,122.8728,0,U,29486,999,14411,0,.62E-6,0
GPS BIIRM-3 (PRN 12),2006-052A,2026-06-03T10:59:17.181600,2.00557491,.00853868,54.9363,214.5506,90.7241,270.3416,0,U,29601,999,14313,0,.38E-6,0
GPS BIIRM-4 (PRN 15),2007-047A,2026-06-03T06:20:15.032832,2.00556022,.01662515,54.0854,80.6396,87.1149,274.7760,0,U,32260,999,13653,0,-.24E-6,0
COSMOS 2433 (720),2007-052A,2026-06-02T08:50:50.258400,2.13104318,.00019687,65.5855,316.4315,187.3207,172.6647,0,U,32275,999,14474,0,-.5E-6,0
COSMOS 2432 (719),2007-052B,2026-06-01T11:30:03.781152,2.13103259,.00079627,65.6026,316.5890,335.3326,6.2477,0,U,32276,999,14474,0,-.55E-6,0
GPS BIIRM-5 (PRN 29),2007-062A,2026-06-03T13:28:48.687168,2.00559364,.00354715,55.0430,274.7005,164.7636,177.2762,0,U,32384,999,13523,0,-.31E-6,0
COSMOS 2434 (721),2007-065A,2026-06-04T03:37:41.483712,2.13101482,.0001057,64.3170,192.3554,345.7165,191.6787,0,U,32393,999,14349,0,.66E-6,0
COSMOS 2436 (723),2007-065C,2026-06-01T11:36:37.030752,2.13100308,.00171385,64.3249,192.5174,355.3995,68.0347,0,U,32395,999,14339,0,.73E-6,0
GPS BIIRM-6 (PRN 07),2008-012A,2026-06-03T04:14:18.888864,2.00572135,.0210972,54.4953,150.4844,247.6658,110.0848,0,U,32711,999,13347,0,.6E-6,0
GPS BIIRM-8 (PRN 05),2009-043A,2026-06-03T09:46:38.739648,2.00555150,.00536574,56.2018,27.9930,82.6377,94.8092,0,U,35752,999,12308,0,-.76E-6,0
COSMOS 2456 (730),2009-070A,2026-06-03T12:32:06.130752,2.13103836,.0005143,65.0041,71.4374,325.6315,247.3754,0,U,36111,999,12813,0,-.17E-6,0
COSMOS 2457 (733),2009-070B,2026-06-03T16:54:40.762944,2.13101278,.00022361,64.9897,71.2753,128.1449,352.2820,0,U,36112,999,12814,0,-.16E-6,0
COSMOS 2460 (732),2010-007C,2026-06-03T13:00:06.765408,2.13101890,.0002315,65.4285,314.9276,95.7935,261.6392,0,U,36402,999,12643,0,-.41E-6,0
GPS BIIF-1  (PRN 25),2010-022A,2026-06-03T13:00:15.536736,2.00561832,.01263988,54.2714,209.1120,66.1333,326.5682,0,U,36585,999,11732,0,.43E-6,0
BEIDOU-2 IGSO-1 (C06),2010-036A,2026-06-03T17:06:17.548704,1.00276584,.00589509,54.3005,163.0810,224.9172,228.3709,0,U,36828,999,5796,0,-.61E-6,0
BEIDOU-2 G4 (C04),2010-057A,2026-06-04T04:03:24.018336,1.00272425,.0004835,3.6150,69.0257,204.0317,200.4240,0,U,37210,999,5716,0,-.101E-5,0
BEIDOU-2 IGSO-2 (C07),2010-068A,2026-05-29T22:19:53.199840,1.00287198,.00552386,47.5822,272.0579,212.8050,204.6695,0,U,37256,999,5661,0,-.227E-5,0
BEIDOU-2 IGSO-3 (C08),2011-013A,2026-06-03T16:33:58.184928,1.00271806,.00344018,62.3886,40.2803,185.8620,22.5488,0,U,37384,999,5552,0,-.18E-5,0
GSAT-8 (GAGAN/PRN 127),2011-022A,2026-06-04T03:33:26.888832,1.00273051,.0002204,2.0972,81.9840,222.5601,56.5001,0,U,37605,999,5308,0,.96E-6,0
BEIDOU-2 IGSO-4 (C09),2011-038A,2026-05-31T12:27:58.883328,1.00288616,.015867,54.5976,165.8209,231.3955,131.4280,0,U,37763,999,5448,0,.47E-6,0
GSAT0101 (GALILEO-PFM),2011-060A,2026-06-03T08:34:02.820576,1.70475877,.00033847,56.9989,342.1362,47.2284,312.8120,0,U,37846,999,9088,0,-.74E-6,0
GSAT0102 (GALILEO-FM2),2011-060B,2026-06-03T20:52:21.673056,1.70476132,.0003534,57.0019,342.1227,13.6110,346.7054,0,U,37847,999,9090,0,-.73E-6,0
COSMOS 2476 (744),2011-064A,2026-06-03T14:19:35.603040,2.13103954,.0023139,65.2631,73.3295,240.1043,298.5020,0,U,37867,999,11347,0,-.14E-6,0
COSMOS 2477 (745),2011-064B,2026-06-02T09:40:11.817984,2.13103096,.00201116,65.2688,73.4489,241.3953,281.5715,0,U,37868,999,11344,0,-.23E-6,0
COSMOS 2475 (743),2011-064C,2026-06-03T00:02:26.453184,2.13101972,.00260508,65.2760,73.4504,254.0417,323.4716,0,U,37869,999,11346,0,-.18E-6,0
BEIDOU-2 IGSO-5 (C10),2011-073A,2026-06-03T19:27:21.923424,1.00276258,.0113223,47.7037,271.7128,221.7068,142.4237,0,U,37948,999,5300,0,-.164E-5,0
LUCH 5A (SDCM/PRN 140),2011-074B,2026-06-04T02:22:41.959200,1.00269910,.0002518,8.7207,73.9998,7.4488,13.8040,0,U,37951,999,5292,0,-.4E-6,0
BEIDOU-2 G5 (C05),2012-008A,2026-06-04T03:34:34.283424,1.00269222,.0009659,3.5416,69.7782,276.2658,18.9155,0,U,38091,999,5223,0,.68E-6,0
BEIDOU-2 M3 (C11),2012-018A,2026-06-03T18:21:12.488832,1.86230161,.001988,55.7701,305.3272,275.0886,84.6664,0,U,38250,999,9569,0,-.61E-6,0
BEIDOU-2 M4 (C12),2012-018B,2026-06-01T00:17:34.485216,1.86229761,.00110626,55.6723,304.6348,278.2217,81.6260,0,U,38251,999,9564,0,-.79E-6,0
SES-5 (EGNOS/PRN 136),2012-036A,2026-06-03T18:00:00.000000,1.00270184,.00021701,0.0465,310.2198,120.8405,96.1312,0,U,38652,999,4432,0,.46E-6,0
BEIDOU-2 M6 (C14),2012-050B,2026-06-01T06:12:54.994176,1.86231095,.00140065,56.5308,63.4210,354.6899,5.3055,0,U,38775,999,9301,0,-.64E-6,0
GSAT-10 (GAGAN/PRN 128),2012-051B,2026-06-04T03:41:26.123712,1.00272495,.0008088,0.0240,261.8958,185.8329,303.2613,0,U,38779,999,4996,0,-.153E-5,0
GPS BIIF-3  (PRN 24),2012-053A,2026-06-03T08:33:08.794656,2.00567330,.01795248,53.5833,144.1659,65.5629,296.2875,0,U,38833,999,9916,0,.56E-6,0
GSAT0103 (GALILEO-FM3),2012-055A,2026-06-02T05:23:00.808224,1.70473545,.00052822,55.7979,101.9560,302.5754,57.3232,0,U,38857,999,8475,0,.3E-7,0
BEIDOU-2 G6 (C02),2012-059A,2026-06-03T22:22:51.870720,1.00268641,.0010233,4.3879,73.6667,326.8485,271.5225,0,U,38953,999,4977,0,-.163E-5,0
LUCH 5B (SDCM/PRN 125),2012-061A,2026-06-03T23:47:46.796640,1.00274489,.000152,10.4533,50.0115,139.2644,43.7879,0,U,38977,999,4947,0,-.129E-5,0
COSMOS 2485 (747),2013-019A,2026-06-03T07:14:06.972576,2.13103396,.0023533,65.4127,74.0700,235.2417,124.5506,0,U,39155,999,10198,0,-.15E-6,0
GPS BIIF-4  (PRN 27),2013-023A,2026-06-02T05:25:07.710816,2.00563682,.01416425,54.5161,269.5831,50.9646,310.2970,0,U,39166,999,9558,0,-.3E-6,0
IRNSS-1A,2013-034A,2026-05-22T20:37:38.469792,1.00280263,.00166187,35.6649,64.2334,185.3754,355.4646,0,U,39199,999,4711,0,.59E-6,0
GPS BIIF-5  (PRN 30),2014-008A,2026-06-03T05:23:10.271616,2.00558979,.00842288,53.6524,149.8892,231.0425,128.2031,0,U,39533,999,8940,0,.58E-6,0
ASTRA 5B (EGNOS/PRN 123),2014-011B,2026-06-04T03:24:27.751104,1.00272856,.0002308,0.0634,311.5981,114.6808,260.9523,0,U,39617,999,4453,0,.149E-5,0
COSMOS 2492 (754),2014-012A,2026-06-02T07:43:26.658048,2.13103599,.0010606,65.3065,314.4405,327.7227,32.1988,0,U,39620,999,9492,0,-.49E-6,0
IRNSS-1B,2014-017A,2026-05-19T20:39:38.653920,1.00280229,.00242269,28.9733,240.8911,185.2284,176.5740,0,U,39635,999,4451,0,.103E-5,0
LUCH 5V (SDCM/PRN 141),2014-023A,2026-06-04T04:49:38.495136,1.00269321,.000277,5.1016,69.8805,26.2347,323.6823,0,U,39727,999,4422,0,-.258E-5,0
GPS BIIF-6  (PRN 06),2014-026A,2026-06-03T11:59:46.289184,2.00562183,.0038293,56.5051,332.0503,326.8077,32.9551,0,U,39741,999,8826,0,-.74E-6,0
COSMOS 2500 (755),2014-032A,2026-06-02T23:03:53.716032,2.13106099,.00068272,65.2416,314.1670,181.8487,178.1366,0,U,40001,999,9315,0,-.45E-6,0
GPS BIIF-7  (PRN 09),2014-045A,2026-06-02T14:15:42.263424,2.00557560,.00327225,55.3440,89.0463,118.4505,241.8573,0,U,40105,999,8578,0,-.17E-6,0
GSAT0201 (GALILEO 5),2014-050A,2026-06-02T20:44:38.047200,1.85520153,.16724063,48.8915,274.0236,178.8372,181.6513,0,U,40128,999,7805,0,-.5E-6,0
GSAT0202 (GALILEO 6),2014-050B,2026-06-03T15:48:49.209696,1.85520761,.16737157,48.9074,273.0765,179.5935,180.6083,0,U,40129,999,8023,0,-.46E-6,0
IRNSS-1C,2014-061A,2026-06-03T20:50:41.495712,1.00271435,.00225294,6.4846,89.1801,0.9557,197.8922,0,U,40269,999,4255,0,-.151E-5,0
GPS BIIF-8  (PRN 03),2014-068A,2026-06-01T23:12:11.987424,2.00575438,.00666637,56.9774,31.5411,70.0478,290.7243,0,U,40294,999,8490,0,-.77E-6,0
COSMOS 2501 (702K),2014-075A,2026-06-04T03:52:31.196352,2.13101473,.0022429,63.6154,190.8230,212.0740,147.8607,0,U,40315,999,8957,0,.67E-6,0
GPS BIIF-9  (PRN 26),2015-013A,2026-06-02T02:30:16.185600,2.00552380,.01092347,53.1691,204.8015,40.0646,320.8265,0,U,40534,999,8152,0,.5E-6,0
GSAT0203 (GALILEO 7),2015-017A,2026-05-30T14:46:06.543264,1.70476295,.00021582,56.7927,342.0742,288.9559,71.0373,0,U,40544,999,6890,0,-.86E-6,0
GSAT0204 (GALILEO 8),2015-017B,2026-06-03T09:22:27.884064,1.70475881,.0001785,56.7984,341.9901,255.7638,104.2279,0,U,40545,999,3201,0,-.75E-6,0
BEIDOU-3S IGSO-1S (C31),2015-019A,2026-06-03T20:54:21.655872,1.00254002,.0038494,49.2213,295.6213,191.1761,171.6675,0,U,40549,999,4094,0,-.164E-5,0
GPS BIIF-10 (PRN 08),2015-033A,2026-06-02T18:16:57.195840,2.00557138,.01150446,53.9939,267.6813,30.1673,330.5059,0,U,40730,999,7970,0,-.27E-6,0
BEIDOU-3S M2S (C58),2015-037A,2026-06-02T06:55:46.974432,1.86232274,.00078489,54.8844,302.5583,262.7057,97.1823,0,U,40748,999,7384,0,-.7E-6,0
BEIDOU-3S M1S (C57),2015-037B,2026-06-03T13:43:17.560992,1.86254987,.00037034,54.8802,302.5027,59.9652,300.0537,0,U,40749,999,7387,0,-.62E-6,0
GSAT0205 (GALILEO 9),2015-045A,2026-05-24T07:17:44.873376,1.67409242,.00064058,54.9357,222.4171,263.0112,96.9692,0,U,40889,999,6656,0,-.14E-6,0
GSAT0206 (GALILEO 10),2015-045B,2026-06-02T04:56:50.800992,1.70474042,.0001691,54.9487,222.0183,340.6304,19.4569,0,U,40890,999,6678,0,.37E-6,0
BEIDOU-3S IGSO-2S (C56),2015-053A,2026-06-03T18:27:21.816000,1.00263058,.0064941,49.2433,258.9423,192.1078,173.8319,0,U,40938,999,3922,0,-.13E-5,0
GPS BIIF-11 (PRN 10),2015-062A,2026-05-31T07:48:48.513600,2.00567194,.01115281,56.9483,31.4607,231.2232,127.8246,0,U,41019,999,7749,0,-.85E-6,0
GSAT-15 (GAGAN/PRN 139),2015-065A,2026-06-04T03:52:21.578304,1.00271256,.0004238,0.0453,116.8999,317.4659,329.8490,0,U,41028,999,3866,0,-.246E-5,0
GSAT0209 (GALILEO 12),2015-079A,2026-06-02T08:58:40.612224,1.70473980,.00054869,55.8190,101.6681,338.3855,21.5417,0,U,41174,999,6452,0,.3E-7,0
GSAT0208 (GALILEO 11),2015-079B,2026-06-03T04:20:36.356640,1.70473818,.00048566,55.8180,101.6428,341.4145,18.5225,0,U,41175,999,6495,0,.8E-7,0
IRNSS-1E,2016-003A,2026-06-03T15:50:52.233792,1.00271426,.00178667,33.2059,59.9463,179.9869,1.6722,0,U,41241,999,3794,0,-.301E-5,0
GPS BIIF-12 (PRN 32),2016-007A,2026-06-01T21:52:06.290688,2.00552626,.00963404,55.5151,90.0651,247.3878,111.5659,0,U,41328,999,7553,0,-.22E-6,0
COSMOS 2514 (751),2016-008A,2026-06-03T16:14:20.521824,2.13102715,.0010771,65.0303,313.4702,197.2155,162.7371,0,U,41330,999,8033,0,-.41E-6,0
BEIDOU-2 IGSO-6 (C13),2016-021A,2026-06-03T15:45:07.784640,1.00262467,.00573208,60.2067,38.1749,231.5636,312.2967,0,U,41434,999,3734,0,-.145E-5,0
IRNSS-1G,2016-027A,2026-06-03T22:23:38.519808,1.00272935,.0007422,5.1656,97.7791,351.4968,268.6051,0,U,41469,999,3704,0,-.323E-5,0
GSAT0211 (GALILEO 14),2016-030A,2026-06-02T03:09:53.430624,1.70474145,.0002706,55.0991,222.1092,330.2266,29.8517,0,U,41549,999,6241,0,.37E-6,0
GSAT0210 (GALILEO 13),2016-030B,2026-06-02T09:20:21.945696,1.70474245,.00033459,55.0982,222.1002,232.8664,127.1968,0,U,41550,999,6241,0,.38E-6,0
BEIDOU-2 G7 (C03),2016-037A,2026-06-04T00:23:52.600992,1.00271896,.0007348,1.6878,69.2112,0.3118,299.4820,0,U,41586,999,675,0,-.342E-5,0
EUTELSAT 117 WEST B (WAAS/PRN 131),2016-038B,2026-06-03T23:19:03.029376,1.00268789,.000025,0.0083,140.1659,186.4691,158.5591,0,U,41589,999,3653,0,.1E-7,0
GSAT0207 (GALILEO 15),2016-069A,2026-06-03T20:10:19.606080,1.70473800,.0005523,55.4909,101.4554,326.1411,33.7823,0,U,41859,999,5917,0,.1E-6,0
GSAT0212 (GALILEO 16),2016-069B,2026-06-03T02:34:35.573088,1.70474020,.00046934,55.4882,101.4709,352.8898,7.0579,0,U,41860,999,5941,0,.6E-7,0
GSAT0213 (GALILEO 17),2016-069C,2026-05-30T22:55:20.608032,1.70474449,.00053723,55.4878,101.5659,310.5840,49.3122,0,U,41861,999,5922,0,-.6E-7,0
GSAT0214 (GALILEO 18),2016-069D,2026-06-02T10:44:35.277792,1.70474054,.00044234,55.4887,101.4896,316.8165,43.0998,0,U,41862,999,5939,0,.3E-7,0
SES-15 (WAAS/PRN 133),2017-026A,2026-06-04T05:29:26.102112,1.00270135,.0000717,0.0197,332.8854,95.7166,137.2774,0,U,42709,999,730,0,.72E-6,0
QZS-2 (QZSS/PRN 194),2017-028A,2026-06-03T14:37:16.987296,1.00287507,.075959,39.4485,243.3546,269.1264,100.0088,0,U,42738,999,749,0,-.158E-5,0
QZS-3 (QZSS/PRN 199),2017-048A,2026-06-04T00:28:37.146432,1.00272502,.0002885,0.0611,196.3104,246.0776,304.2764,0,U,42917,999,3212,0,-.336E-5,0
COSMOS 2522 (752),2017-055A,2026-06-02T02:33:39.225600,2.13102000,.00105132,64.0774,192.3978,239.6203,120.3566,0,U,42939,999,6765,0,.7E-6,0
QZS-4 (QZSS/PRN 195),2017-062A,2026-06-03T20:12:38.749824,1.00255682,.074481,40.1163,343.6531,271.5248,78.3172,0,U,42965,999,3166,0,-.324E-5,0
BEIDOU-3 M1 (C19),2017-069A,2026-06-03T04:07:55.455168,1.86231656,.00109882,56.6802,63.5462,322.8925,37.0519,0,U,43001,999,5834,0,-.47E-6,0
BEIDOU-3 M2 (C20),2017-069B,2026-05-31T23:06:47.325600,1.86230808,.00096144,56.6782,63.6543,347.1682,12.8156,0,U,43002,999,5829,0,-.66E-6,0
GSAT0215 (GALILEO 19),2017-079A,2026-06-03T12:34:54.193440,1.70474805,.00026737,55.0769,221.8831,260.8878,99.1749,0,U,43055,999,5275,0,.4E-6,0
GSAT0216 (GALILEO 20),2017-079B,2026-06-02T15:24:49.382208,1.70474963,.00044319,55.0774,221.9072,276.5750,83.4685,0,U,43056,999,5275,0,.39E-6,0
GSAT0217 (GALILEO 21),2017-079C,2026-06-02T06:38:05.002656,1.70474564,.0004771,55.0745,221.9149,284.9791,75.0620,0,U,43057,999,5273,0,.38E-6,0
GSAT0218 (GALILEO 22),2017-079D,2026-06-01T07:45:37.922976,1.70474881,.00042969,55.0759,221.9389,273.4350,86.6085,0,U,43058,999,5274,0,.35E-6,0
BEIDOU-3 M7 (C27),2018-003A,2026-06-02T07:34:30.044064,1.86228333,.00050705,54.3417,302.8330,90.2688,269.7671,0,U,43107,999,5707,0,-.71E-6,0
BEIDOU-3 M8 (C28),2018-003B,2026-06-03T20:54:56.559744,1.86231291,.00021883,54.3329,302.7607,267.2585,92.6999,0,U,43108,999,5711,0,-.62E-6,0
BEIDOU-3 M4 (C22),2018-018A,2026-06-01T02:13:22.546848,1.86231482,.0007684,56.6373,63.6787,13.3710,346.6582,0,U,43207,999,5644,0,-.65E-6,0
BEIDOU-3 M3 (C21),2018-018B,2026-06-03T07:21:58.541184,1.86231435,.00090239,56.6388,63.6101,337.6443,22.3370,0,U,43208,999,5648,0,-.46E-6,0
BEIDOU-3 M9 (C29),2018-029A,2026-06-02T23:42:17.680032,1.86228707,.00008462,54.2071,300.4454,129.9393,230.0488,0,U,43245,999,5563,0,-.65E-6,0
BEIDOU-3 M10 (C30),2018-029B,2026-06-02T22:07:52.897728,1.86229469,.0004218,54.2045,300.4735,39.7967,320.2145,0,U,43246,999,5561,0,-.65E-6,0
IRNSS-1I,2018-035A,2026-06-03T20:42:40.244256,1.00268957,.0018238,28.7232,74.4103,238.1364,305.5602,0,U,43286,999,2994,0,.83E-6,0
COSMOS 2527 (756),2018-053A,2026-06-03T11:25:32.579328,2.13102282,.00073854,65.5707,74.3639,242.6026,117.3366,0,U,43508,999,6198,0,-.13E-6,0
BEIDOU-2 IGSO-7 (C16),2018-057A,2026-06-03T22:41:09.313152,1.00255567,.0104471,55.1930,163.1730,237.8941,302.5487,0,U,43539,999,2899,0,-.6E-7,0
GSAT0221 (GALILEO 25),2018-060A,2026-06-01T05:27:12.904416,1.70476150,.0002878,57.1775,342.2110,313.2463,46.7439,0,U,43564,999,4889,0,-.81E-6,0
GSAT0222 (GALILEO 26),2018-060B,2026-06-02T14:52:50.770848,1.70475858,.00018015,57.1811,342.1774,259.8309,100.1613,0,U,43565,999,4896,0,-.77E-6,0
GSAT0219 (GALILEO 23),2018-060C,2026-06-03T10:15:38.217024,1.70476116,.0002339,57.1769,342.1569,331.8363,28.1630,0,U,43566,999,4895,0,-.74E-6,0
GSAT0220 (GALILEO 24),2018-060D,2026-06-01T21:19:48.535680,1.70476143,.0002392,57.1762,342.1988,324.4243,35.5731,0,U,43567,999,4891,0,-.79E-6,0
BEIDOU-3 M5 (C23),2018-062A,2026-06-02T01:44:13.996608,1.86228829,.00054009,54.0848,182.8178,289.3317,70.6790,0,U,43581,999,5335,0,.68E-6,0
BEIDOU-3 M6 (C24),2018-062B,2026-06-01T09:34:19.077024,1.86227844,.0004893,54.0843,182.8299,10.9219,349.1611,0,U,43582,999,5334,0,.72E-6,0
BEIDOU-3 M12 (C26),2018-067A,2026-06-03T11:38:28.002048,1.86227912,.00078052,54.1795,181.5047,30.5016,329.6039,0,U,43602,999,5286,0,.68E-6,0
BEIDOU-3 M11 (C25),2018-067B,2026-06-03T14:52:53.953824,1.86227374,.0004486,54.1771,181.4639,14.2691,345.8030,0,U,43603,999,5289,0,.68E-6,0
BEIDOU-3 M13 (C32),2018-072A,2026-06-01T23:08:19.916160,1.86231411,.00078162,56.6123,63.1614,326.1971,33.7678,0,U,43622,999,5237,0,-.57E-6,0
BEIDOU-3 M14 (C33),2018-072B,2026-06-01T07:01:20.206272,1.86231413,.00065047,56.6136,63.1776,353.8390,6.1639,0,U,43623,999,5235,0,-.63E-6,0
BEIDOU-3 M16 (C35),2018-078A,2026-06-04T03:11:22.488288,1.86232447,.0007437,54.1026,300.4437,40.6821,319.3585,0,U,43647,999,5191,0,-.59E-6,0
BEIDOU-3 M15 (C34),2018-078B,2026-06-01T13:51:31.248864,1.86232507,.00045363,54.1007,300.5335,56.3394,303.6792,0,U,43648,999,5188,0,-.74E-6,0
BEIDOU-3 G1 (C59),2018-085A,2026-06-04T04:03:24.018336,1.00272093,.0008549,2.8355,97.7357,345.5119,30.2041,0,U,43683,999,2793,0,-.97E-6,0
COSMOS 2529 (757),2018-086A,2026-06-02T03:57:28.497024,2.13102175,.00116184,64.2936,193.1017,256.1127,103.8395,0,U,43687,999,5896,0,.69E-6,0
BEIDOU-3 M17 (C36),2018-093A,2026-06-03T14:55:08.731776,1.86228565,.0009972,54.1684,182.7566,291.4336,250.9335,0,U,43706,999,5128,0,.67E-6,0
BEIDOU-3 M18 (C37),2018-093B,2026-06-02T03:20:03.372288,1.86226715,.00077619,54.1690,182.7990,321.3599,38.6535,0,U,43707,999,5125,0,.68E-6,0
GPS BIII-1  (PRN 04),2018-109A,2026-06-03T19:11:52.692288,2.00561239,.00382233,55.6741,92.7152,198.2612,339.3200,0,U,43873,999,5480,0,.1E-7,0
BEIDOU-3 IGSO-1 (C38),2019-023A,2026-05-21T14:49:38.550720,1.00299087,.0025546,58.6591,37.9235,227.4594,312.4431,0,U,44204,999,694,0,-.234E-5,0
BEIDOU-2 G8 (C01),2019-027A,2026-06-04T03:59:01.936896,1.00276022,.0010765,1.6255,74.4913,284.2571,98.0941,0,U,44231,999,2595,0,-.235E-5,0
COSMOS 2534 (758),2019-030A,2026-06-03T15:05:56.889888,2.13102470,.0013144,64.3676,193.0731,275.2936,262.5197,0,U,44299,999,5463,0,.66E-6,0
BEIDOU-3 IGSO-2 (C39),2019-035A,2026-06-03T14:39:33.810336,1.00271103,.0039672,55.2443,158.9810,216.0015,216.9100,0,U,44337,999,2553,0,-.71E-6,0
GPS BIII-2  (PRN 18),2019-056A,2026-06-02T10:44:11.779584,2.00569922,.006123,55.6403,331.7284,197.3681,346.8768,0,U,44506,999,4977,0,-.81E-6,0
BEIDOU-3 M24 (C46),2019-061A,2026-06-03T19:38:48.498432,1.86229258,.0008298,54.3956,183.1788,359.6968,0.3644,0,U,44542,999,4554,0,.68E-6,0
BEIDOU-3 M23 (C45),2019-061B,2026-06-03T16:24:46.065600,1.86227422,.0005545,54.3944,183.1515,339.9978,201.4019,0,U,44543,999,4554,0,.68E-6,0
EUTELSAT 5 WEST B (EGNOS/PRN 121),2019-067A,2026-06-04T03:16:21.028800,1.00272085,.0003381,0.0658,337.5387,96.1475,222.9953,0,U,44624,999,2430,0,-.3E-6,0
BEIDOU-3 IGSO-3 (C40),2019-073A,2026-05-16T19:27:04.075776,1.00246251,.0042953,54.8566,281.2355,189.4588,170.3676,0,U,44709,999,2414,0,-.217E-5,0
BEIDOU-3 M22 (C44),2019-078A,2026-05-31T23:21:41.584608,1.86227466,.00067997,53.9515,300.3973,49.8773,310.1558,0,U,44793,999,4434,0,-.79E-6,0
BEIDOU-3 M21 (C43),2019-078B,2026-06-01T02:43:14.443968,1.86227902,.00046594,53.9245,300.3540,48.1106,311.9031,0,U,44794,999,4435,0,-.78E-6,0
COSMOS 2544 (759),2019-088A,2026-06-03T10:05:55.825728,2.13102136,.00136967,65.5590,74.1895,260.0855,99.7743,0,U,44850,999,5042,0,-.13E-6,0
BEIDOU-3 M19 (C41),2019-090A,2026-06-02T04:19:35.347872,1.86231755,.00183509,56.5459,63.2868,297.3172,255.2065,0,U,44864,999,4395,0,-.55E-6,0
BEIDOU-3 M20 (C42),2019-090B,2026-06-01T09:40:27.344064,1.86231789,.00162753,56.5472,63.3464,310.6292,170.4314,0,U,44865,999,4392,0,-.62E-6,0
BEIDOU-3 G2 (C60),2020-017A,2026-06-04T05:05:38.687712,1.00270995,.0002877,2.8382,47.1563,24.6448,337.2914,0,U,45344,999,2313,0,-.129E-5,0
COSMOS 2545 (760),2020-018A,2026-06-03T03:31:05.351808,2.13102718,.0007797,64.3637,312.9119,231.7288,128.1886,0,U,45358,999,4836,0,-.45E-6,0
BEIDOU-3 G3 (C61),2020-040A,2026-06-04T02:06:36.002880,1.00274764,.0003085,2.4155,67.4219,335.3952,351.9314,0,U,45807,999,2193,0,-.342E-5,0
GPS BIII-3  (PRN 23),2020-041A,2026-06-03T12:31:59.356128,2.00559276,.00633821,56.6608,29.4739,204.6456,334.6947,0,U,45854,999,4376,0,-.74E-6,0
GALAXY 30 (WAAS/PRN 135),2020-056C,2026-06-03T23:16:48.245376,1.00272060,.0002457,0.0126,35.0814,36.0547,45.4718,0,U,46114,999,2116,0,.49E-6,0
COSMOS 2547 (705K),2020-075A,2026-06-01T11:00:56.634048,2.13100326,.00091303,64.5982,193.0008,239.1969,120.7967,0,U,46805,999,4357,0,.73E-6,0
GPS BIII-4  (PRN 14),2020-078A,2026-06-03T10:00:37.783872,2.00565038,.00729168,53.9816,211.3373,206.8383,232.4954,0,U,46826,999,4123,0,.4E-6,0
GPS BIII-5  (PRN 11),2021-054A,2026-06-03T13:08:10.715136,2.00570190,.00249112,55.1814,333.0080,228.6034,130.8970,0,U,48859,999,3647,0,-.77E-6,0
QZS-1R (QZSS/PRN 196),2021-096A,2026-06-03T15:55:14.316096,1.00260981,.07540746,37.4347,79.7838,271.5206,274.3869,0,U,49336,999,1687,0,-.252E-5,0
GSAT0223 (GALILEO 27),2021-116A,2026-06-01T10:49:10.493760,1.70476346,.00010084,57.1649,342.0998,179.2401,2.8148,0,U,49809,999,2791,0,-.8E-6,0
GSAT0224 (GALILEO 28),2021-116B,2026-06-01T20:23:41.337600,1.70476406,.0000821,57.1667,342.0878,134.5472,44.9862,0,U,49810,999,2794,0,-.79E-6,0
COSMOS 2557 (706K),2022-075A,2026-06-02T13:29:06.303264,2.13102309,.00101406,64.3077,315.0006,276.1929,83.6791,0,U,52984,999,3040,0,-.5E-6,0
COSMOS 2559 (707K),2022-130A,2026-05-31T23:22:06.833280,2.13101759,.00122204,64.2818,315.1401,176.8765,183.1177,0,U,54031,999,2834,0,-.61E-6,0
COSMOS 2564 (761),2022-161A,2026-06-03T03:55:12.944928,2.13102101,.00119921,64.7404,193.1773,223.9964,135.9862,0,U,54377,999,2733,0,.67E-6,0
GPS BIII-6  (PRN 28),2023-009A,2026-06-03T17:51:20.215008,2.00572547,.00061737,55.1213,149.0473,316.5044,223.0998,0,U,55268,999,2497,0,.65E-6,0
BEIDOU-3 G4 (C62),2023-066A,2026-06-04T03:57:39.569184,1.00268888,.0004392,0.5024,328.1274,167.7112,316.2211,0,U,56564,999,1126,0,-.27E-5,0
NVS-01 (IRNSS-1J),2023-076A,2026-06-04T00:29:22.072704,1.00272316,.0002875,2.1975,244.9470,44.2586,100.2095,0,U,56759,999,1098,0,-.323E-5,0
COSMOS 2569 (703K),2023-114A,2026-06-02T05:41:30.808032,2.13103818,.00112352,65.2941,73.1245,296.7139,63.1811,0,U,57517,999,2194,0,-.24E-6,0
BEIDOU-3 M28 (C50),2023-207A,2026-06-02T06:20:46.541184,1.86229873,.0003671,55.7401,62.8066,340.5221,19.4799,0,U,58654,999,1656,0,-.57E-6,0
BEIDOU-3 M26 (C48),2023-207B,2026-06-03T03:15:36.834336,1.86229917,.0003644,55.7428,62.7637,315.9700,44.0214,0,U,58655,999,1656,0,-.5E-6,0
GSAT0225 (GALILEO 29),2024-079A,2026-06-02T11:03:38.641824,1.70474350,.00019635,55.1106,101.4917,291.4944,256.2919,0,U,59598,999,1306,0,.3E-7,0
GSAT0227 (GALILEO 30),2024-079C,2026-06-03T12:16:25.601088,1.70474141,.00018111,55.1069,101.4607,41.5865,318.3839,0,U,59600,999,1313,0,.8E-7,0
GSAT0232 (GALILEO 32),2024-167A,2026-06-03T17:48:15.192000,1.70474585,.00058373,55.1885,221.6830,224.2725,132.6856,0,U,61182,999,1064,0,.41E-6,0
GSAT0226 (GALILEO 31),2024-167B,2026-06-04T04:33:38.337120,1.70474563,.0002612,55.1871,221.6779,221.8766,141.4823,0,U,61183,999,1063,0,.41E-6,0
BEIDOU-3 M25 (C47),2024-168B,2026-06-03T12:15:20.953152,1.86230357,.00030517,54.4863,302.7180,307.2395,61.3558,0,U,61186,999,1153,0,-.63E-6,0
BEIDOU-3 M27 (C49),2024-168C,2026-06-04T02:31:33.608640,1.86230403,.0001811,54.4813,302.6804,47.0826,135.1797,0,U,61187,999,901,0,-.6E-6,0
GPS BIII-7  (PRN 01),2024-242A,2026-06-04T03:14:26.748384,2.00571604,.0017383,54.8549,334.7108,4.3367,180.0182,0,U,62339,999,1099,0,-.75E-6,0
QZS-6 (QZSS/PRN 200),2025-023A,2026-06-04T04:12:21.631104,1.00268643,.0002593,0.0196,27.3438,49.4967,329.3335,0,U,62876,999,481,0,-.22E-5,0
COSMOS 2584 (704K),2025-042A,2026-05-31T05:55:39.458208,2.13103967,.00059206,65.0752,73.3776,230.3550,129.5914,0,U,63130,999,968,0,-.44E-6,0
GPS BIII-8  (PRN 21),2025-116A,2026-06-04T02:55:38.657280,2.00577105,.0008467,55.2255,31.6566,337.9312,19.6121,0,U,64202,999,760,0,-.73E-6,0
COSMOS 2596 (708K),2025-206B,2026-05-29T16:25:48.887904,2.13100909,.00111512,64.6467,315.6290,314.6394,43.2361,0,U,65590,999,551,0,-.68E-6,0
GSAT0233 (GALILEO 33),2025-302A,2026-06-03T17:38:43.922976,1.70474417,.00014155,54.3270,102.5146,232.9614,307.7753,0,U,67160,999,289,0,.1E-6,0
GSAT0234 (GALILEO 34),2025-302C,2026-06-03T20:33:01.967328,1.70474390,.0003271,54.3286,102.5103,302.9496,132.1778,0,U,67162,999,295,0,.1E-6,0
GPS BIII-9  (PRN 20),2026-017A,2026-06-01T05:50:24.293472,2.00571608,.00226248,55.0787,89.3950,257.1779,102.5406,0,U,67588,999,43129,0,-.3E-6,0
GPS BIII-10 (PRN 13),2026-087A,2026-06-03T13:25:51.221568,2.00569347,.0020961,54.9640,208.3268,107.1366,330.7802,0,U,68791,999,56,0,.45E-6,0
