OBJECT_NAME,OBJECT_ID,EPOCH,MEAN_MOTION,ECCENTRICITY,INCLINATION,RA_OF_ASC_NODE,ARG_OF_PERICENTER,MEAN_ANOMALY,EPHEMERIS_TYPE,CLASSIFICATION_TYPE,NORAD_CAT_ID,ELEMENT_SET_NO,REV_AT_EPOCH,BSTAR,MEAN_MOTION_DOT,MEAN_MOTION_DDOT
IRIDIUM 106,2017-003A,2026-06-03T06:45:06.213888,14.34217447,.00018613,86.3958,94.3691,78.4413,281.6992,0,U,41917,999,49121,-.5968974E-5,.3E-7,0
IRIDIUM 103,2017-003B,2026-06-03T06:26:50.292096,14.34217915,.00024884,86.3958,94.2739,81.5686,278.5792,0,U,41918,999,49123,.15015695E-4,.62E-6,0
IRIDIUM 109,2017-003C,2026-06-03T06:35:58.317792,14.34217538,.00023384,86.3960,94.3306,85.5135,274.6328,0,U,41919,999,49120,.4801276E-5,.33E-6,0
IRIDIUM 102,2017-003D,2026-06-03T07:30:46.155744,14.34216600,.00023755,86.3952,94.2399,89.9058,270.2410,0,U,41920,999,49129,.6762731E-4,.209E-5,0
IRIDIUM 105,2017-003E,2026-06-03T06:31:11.175168,14.34223779,.00024554,86.3972,62.6875,87.8722,272.2755,0,U,41921,999,49314,.10711201E-3,.32E-5,0
IRIDIUM 104,2017-003F,2026-06-03T07:49:02.350560,14.34217400,.00025484,86.3959,94.2758,85.9472,274.2015,0,U,41922,999,49128,.7423551E-5,.41E-6,0
IRIDIUM 114,2017-003G,2026-06-03T07:58:10.321824,14.34217524,.0002441,86.3957,94.2562,85.1243,275.0232,0,U,41923,999,49126,.19434518E-4,.74E-6,0
IRIDIUM 108,2017-003H,2026-06-03T05:17:58.414272,14.34219035,.0002208,86.3965,62.5999,86.6939,273.4509,0,U,41924,999,49310,.10887E-3,.325E-5,0
IRIDIUM 112,2017-003J,2026-06-03T07:39:54.219456,14.34218173,.00023916,86.3956,94.1046,88.1050,272.0420,0,U,41925,999,49128,.29565619E-4,.103E-5,0
IRIDIUM 111,2017-003K,2026-06-03T07:21:38.306304,14.34217875,.00023292,86.3956,94.1800,83.7953,276.3508,0,U,41926,999,49126,.32514574E-4,.111E-5,0
IRIDIUM 113,2017-039A,2026-06-03T13:34:39.008064,14.34218836,.00023578,86.3964,327.8750,90.6635,269.4831,0,U,42803,999,46923,.19664925E-4,.75E-6,0
IRIDIUM 123,2017-039B,2026-06-04T00:37:10.890336,14.34217544,.0002147,86.3975,359.1403,83.0230,277.1210,0,U,42804,999,46806,.25671E-4,.92E-6,0
IRIDIUM 120,2017-039C,2026-06-03T13:25:31.059264,14.34220678,.00020186,86.3952,327.6619,90.9196,269.2231,0,U,42805,999,46922,.38867341E-4,.129E-5,0
IRIDIUM 115,2017-039D,2026-06-04T00:21:39.767904,14.43281479,.0002088,86.4489,327.5978,85.9099,274.2340,0,U,42806,999,47236,.89159E-4,.32E-5,0
IRIDIUM 118,2017-039E,2026-06-04T01:22:50.937600,14.34217369,.0002109,86.3973,359.1251,88.7740,271.3698,0,U,42807,999,46806,-.12393E-4,-.15E-6,0
IRIDIUM 117,2017-039F,2026-06-04T03:30:42.920640,14.34217686,.0002186,86.3974,359.0459,85.6322,274.5123,0,U,42808,999,46810,-.3678E-5,.9E-7,0
IRIDIUM 126,2017-039G,2026-06-03T23:05:50.427744,14.34220323,.0002282,86.3974,359.1733,86.7607,273.3850,0,U,42809,999,46805,.70064E-4,.216E-5,0
IRIDIUM 124,2017-039H,2026-06-03T22:46:21.587808,14.43281027,.0002222,86.4473,295.8958,91.1379,269.0076,0,U,42810,999,47320,.10335E-3,.368E-5,0
IRIDIUM 128,2017-039J,2026-06-04T00:32:58.693056,14.34217628,.0002006,86.3978,30.6543,85.3461,274.7964,0,U,42811,999,46809,.15735E-6,.2E-6,0
IRIDIUM 121,2017-039K,2026-06-04T01:13:42.932640,14.34217245,.0002012,86.3975,359.1642,89.5882,270.5544,0,U,42812,999,46794,-.30808E-4,-.66E-6,0
IRIDIUM 133,2017-061A,2026-06-03T03:32:33.832320,14.34216908,.0002237,86.3979,31.1379,86.8071,273.3381,0,U,42955,999,45276,.34260622E-4,.116E-5,0
IRIDIUM 100,2017-061B,2026-06-04T01:09:30.705120,14.34217418,.000206,86.3977,30.6792,85.2093,274.9338,0,U,42956,999,45289,-.34045E-5,.1E-6,0
IRIDIUM 122,2017-061C,2026-06-04T00:23:50.688096,14.34217657,.0002107,86.3976,30.6929,83.3201,276.8234,0,U,42957,999,45289,-.28083E-5,.12E-6,0
IRIDIUM 129,2017-061D,2026-06-04T01:00:22.674240,14.34216757,.0002401,86.3980,30.7498,89.2962,270.8509,0,U,42958,999,45291,.19858E-4,.75E-6,0
IRIDIUM 119,2017-061E,2026-06-04T00:14:42.730656,14.34217384,.0002308,86.3980,30.7585,83.1444,277.0015,0,U,42959,999,45292,.81848E-5,.43E-6,0
IRIDIUM 107,2017-061F,2026-06-04T00:42:06.621120,14.34217781,.0002109,86.3980,30.7713,81.6017,278.5418,0,U,42960,999,45293,.32413E-5,.29E-6,0
IRIDIUM 132,2017-061G,2026-06-04T00:51:14.733216,14.34217654,.0002241,86.3980,30.7486,84.9586,275.1866,0,U,42961,999,45293,.28367E-4,.99E-6,0
IRIDIUM 136,2017-061H,2026-06-04T01:36:54.427104,14.34219912,.0002256,86.3980,30.7418,84.5537,275.5916,0,U,42962,999,45295,.94609E-4,.285E-5,0
IRIDIUM 139,2017-061J,2026-06-04T01:46:02.606592,14.34216408,.0002128,86.3982,30.8008,84.1346,276.0093,0,U,42963,999,45296,.15957E-4,.64E-6,0
IRIDIUM 125,2017-061K,2026-06-04T01:27:46.778112,14.34218085,.0002571,86.3982,30.8671,76.0080,284.1402,0,U,42964,999,45297,.52982E-4,.168E-5,0
IRIDIUM 135,2017-083A,2026-06-03T13:07:15.082176,14.34218697,.00021791,86.3958,327.7204,90.3486,269.7960,0,U,43070,999,44219,.25971296E-4,.93E-6,0
IRIDIUM 138,2017-083B,2026-06-03T23:46:35.073408,14.34217287,.000254,86.3952,327.2239,89.0253,271.1233,0,U,43071,999,44224,.33684E-4,.114E-5,0
IRIDIUM 116,2017-083C,2026-06-03T12:58:06.840480,14.34218702,.00018632,86.3955,327.7086,92.8013,267.3396,0,U,43072,999,44221,.13424294E-4,.57E-6,0
IRIDIUM 130,2017-083D,2026-06-03T23:55:43.088736,14.34218949,.0001988,86.3965,327.7920,85.8706,274.2717,0,U,43073,999,44222,.70152E-4,.216E-5,0
IRIDIUM 151,2017-083E,2026-06-03T23:19:11.104320,14.34217394,.0002174,86.3961,327.5863,92.3398,267.8046,0,U,43074,999,44224,.28655E-4,.1E-5,0
IRIDIUM 134,2017-083F,2026-06-04T00:13:59.189376,14.34218266,.0002095,86.3960,327.5780,88.3106,271.8330,0,U,43075,999,44221,.30875E-4,.106E-5,0
IRIDIUM 137,2017-083G,2026-06-03T12:48:58.894272,14.34218432,.00018965,86.3960,327.8694,101.3050,258.8359,0,U,43076,999,44221,.23380222E-4,.85E-6,0
IRIDIUM 141,2017-083H,2026-06-04T00:23:07.073376,14.34217901,.0002206,86.3954,327.4987,91.4115,268.7334,0,U,43077,999,44228,-.27543E-5,.12E-6,0
IRIDIUM 153,2017-083J,2026-06-03T11:30:59.465088,14.34217679,.00023749,86.3951,296.2035,90.5632,269.5836,0,U,43078,999,44331,.4444856E-5,.32E-6,0
IRIDIUM 131,2017-083K,2026-06-04T00:04:51.103200,14.34218141,.0002177,86.3960,327.6891,92.4012,267.7433,0,U,43079,999,44221,.50164E-5,.34E-6,0
IRIDIUM 144,2018-030A,2026-06-03T11:40:07.199616,14.34218560,.00020404,86.3955,296.1314,93.0281,267.1149,0,U,43249,999,42817,.32578566E-4,.111E-5,0
IRIDIUM 149,2018-030B,2026-06-03T11:49:15.454272,14.34217377,.0002153,86.3943,296.0950,93.2178,266.9264,0,U,43250,999,42819,-.55178E-5,.4E-7,0
IRIDIUM 157,2018-030C,2026-06-03T10:36:11.413728,14.34217474,.00020582,86.3944,296.1692,92.7250,267.4181,0,U,43251,999,42816,-.5507641E-5,.4E-7,0
IRIDIUM 140,2018-030D,2026-06-03T22:46:51.415680,14.34217609,.0002146,86.3949,295.9690,91.6391,268.5051,0,U,43252,999,42829,.27352E-5,.27E-6,0
IRIDIUM 145,2018-030E,2026-06-03T10:45:19.169856,14.34218485,.00018795,86.3951,296.1509,94.4998,265.6412,0,U,43253,999,42815,.16917213E-4,.67E-6,0
IRIDIUM 146,2018-030F,2026-06-02T22:34:39.384768,14.34217534,.00020501,86.3948,296.3756,93.0477,267.0954,0,U,43254,999,42809,-.5310703E-5,.5E-7,0
IRIDIUM 148,2018-030G,2026-06-03T22:55:59.321280,14.34217936,.0002132,86.3950,295.9940,96.0501,264.0938,0,U,43255,999,42827,.7094E-5,.4E-6,0
IRIDIUM 142,2018-030H,2026-06-03T22:10:19.357824,14.34217489,.0001988,86.3945,295.8962,95.2585,264.8838,0,U,43256,999,42823,.16764E-5,.24E-6,0
IRIDIUM 150,2018-030J,2026-06-03T11:21:51.420384,14.34217435,.00020432,86.3945,296.2012,91.6251,268.5179,0,U,43257,999,42819,-.5493968E-5,.4E-7,0
IRIDIUM 143,2018-030K,2026-06-03T10:54:27.405504,14.34217324,.00019371,86.3948,296.3013,92.4006,267.7412,0,U,43258,999,42812,-.9343857E-5,-.6E-7,0
IRIDIUM 161,2018-047C,2026-06-03T07:16:04.141344,14.43281947,.00024701,86.4479,94.2760,89.9942,270.1541,0,U,43478,999,42313,.10576866E-3,.376E-5,0
IRIDIUM 152,2018-047D,2026-06-03T06:54:14.313888,14.34217603,.00023649,86.3954,94.1433,85.1257,275.0209,0,U,43479,999,42049,.4778487E-5,.33E-6,0
IRIDIUM 147,2018-047E,2026-06-03T07:03:22.088160,14.34217712,.00021682,86.3956,94.1456,84.3251,275.8192,0,U,43480,999,42049,.4536695E-4,.147E-5,0
IRIDIUM 110,2018-047F,2026-06-03T07:12:30.317760,14.34217825,.00025587,86.3956,94.2344,89.2093,270.9396,0,U,43481,999,42048,.9709567E-5,.47E-6,0
IRIDIUM 162,2018-047G,2026-06-03T07:06:58.789728,14.43273285,.00023996,86.4477,94.1694,85.2096,274.9379,0,U,43482,999,42312,.10982343E-3,.39E-5,0
IRIDIUM 160,2018-061A,2026-06-03T05:54:30.513600,14.34217702,.00022699,86.3969,62.6255,87.5514,272.5941,0,U,43569,999,41137,.23908606E-4,.87E-6,0
IRIDIUM 166,2018-061B,2026-06-03T06:31:02.465184,14.34217804,.00020854,86.3967,62.5657,84.4353,275.7080,0,U,43570,999,41140,.9455637E-5,.46E-6,0
IRIDIUM 158,2018-061C,2026-06-03T05:45:22.290048,14.34216372,.00023442,86.3968,62.5888,83.5835,276.5628,0,U,43571,999,41136,.16636328E-4,.66E-6,0
IRIDIUM 165,2018-061D,2026-06-03T06:21:54.262368,14.34219521,.00021142,86.3971,62.6242,83.6073,276.5364,0,U,43572,999,41139,.1025818E-3,.307E-5,0
IRIDIUM 155,2018-061E,2026-06-03T05:27:06.480576,14.34217910,.0002211,86.3966,62.5102,81.2018,278.9429,0,U,43573,999,41135,.2846E-4,.99E-6,0
IRIDIUM 154,2018-061F,2026-06-03T04:59:42.418176,14.34217302,.0002052,86.3970,62.6509,85.8765,274.2665,0,U,43574,999,41140,.31263E-4,.107E-5,0
IRIDIUM 163,2018-061G,2026-06-03T06:12:46.400832,14.34218315,.00023457,86.3967,62.5453,84.9878,275.1585,0,U,43575,999,41138,.22139673E-4,.82E-6,0
IRIDIUM 156,2018-061H,2026-06-03T15:39:02.552832,14.34216992,.0002202,86.3964,62.3884,78.3978,281.7465,0,U,43576,999,41143,.19671E-4,.75E-6,0
IRIDIUM 164,2018-061J,2026-06-03T06:49:18.194304,14.34216110,.00020825,86.3968,62.5824,88.5188,271.6246,0,U,43577,999,41142,.41105292E-4,.135E-5,0
IRIDIUM 159,2018-061K,2026-06-03T06:03:38.484864,14.34217381,.00021896,86.3964,62.5325,85.5676,274.5770,0,U,43578,999,41138,-.8180285E-5,-.3E-7,0
IRIDIUM 180,2019-002A,2026-06-04T00:28:02.984736,14.34217593,.0002223,86.3973,359.1034,88.9969,271.1481,0,U,43922,999,38710,-.33003E-6,.19E-6,0
IRIDIUM 176,2019-002B,2026-06-04T00:59:21.229152,14.72250390,.0002064,86.6092,359.0396,79.4396,280.7053,0,U,43923,999,39731,.14331E-3,.928E-5,0
IRIDIUM 168,2019-002C,2026-06-04T00:18:54.960768,14.34217307,.0002047,86.3974,359.1828,88.9416,271.2014,0,U,43924,999,38708,-.12149E-4,-.14E-6,0
IRIDIUM 173,2019-002D,2026-06-04T01:41:06.802368,14.34219202,.0002255,86.3973,359.0486,87.4462,272.6992,0,U,43925,999,38707,.86519E-4,.262E-5,0
IRIDIUM 169,2019-002E,2026-06-04T00:52:46.247232,14.38608848,.0002351,86.4236,30.6909,69.5874,290.5576,0,U,43926,999,38833,.18754E-3,.594E-5,0
IRIDIUM 172,2019-002F,2026-06-04T01:31:58.979712,14.34217486,.0002271,86.3974,359.0592,89.7635,270.3821,0,U,43927,999,38708,.15379E-5,.24E-6,0
IRIDIUM 175,2019-002G,2026-06-03T08:14:39.785856,14.43604578,.00009891,86.4502,296.3094,262.2416,97.8672,0,U,43928,999,39698,.10234176E-3,.367E-5,0
IRIDIUM 171,2019-002H,2026-06-04T01:04:34.923360,14.34217579,.0002026,86.3984,359.3717,85.6168,274.5259,0,U,43929,999,38707,-.88679E-6,.17E-6,0
IRIDIUM 170,2019-002J,2026-06-04T01:08:15.588096,14.72248546,.0002383,86.6102,359.0408,89.4496,270.6994,0,U,43930,999,39732,.33549E-4,.236E-5,0
IRIDIUM 167,2019-002K,2026-06-04T00:55:26.882112,14.34217615,.0001906,86.3974,359.0918,83.7540,276.3873,0,U,43931,999,38707,-.70865E-6,.18E-6,0
IRIDIUM 181,2023-068S,2026-06-03T20:44:56.406336,14.43306685,.0002275,86.4505,62.3588,88.3834,271.7627,0,U,56726,999,16051,.61933E-4,.229E-5,0
IRIDIUM 177,2023-068T,2026-06-04T00:07:13.499040,14.80229750,.0002447,86.1957,335.0540,86.4663,273.6837,0,U,56727,999,16441,.56244E-4,.454E-5,0
IRIDIUM 174,2023-068U,2026-06-04T00:50:27.589920,14.72251454,.0002486,86.6101,359.1909,89.4055,270.7447,0,U,56728,999,16408,-.54342E-5,-.1E-6,0
IRIDIUM 178,2023-068V,2026-06-04T01:28:55.263936,14.80243860,.0002496,86.6548,30.8455,88.8573,271.2935,0,U,56729,999,16442,.15885E-3,.1233E-4,0
IRIDIUM 179,2023-068W,2026-06-04T01:21:12.590208,14.80240594,.0002345,86.6788,39.7881,85.6407,274.5082,0,U,56730,999,16442,.15773E-3,.1225E-4,0
