OBJECT_NAME,OBJECT_ID,EPOCH,MEAN_MOTION,ECCENTRICITY,INCLINATION,RA_OF_ASC_NODE,ARG_OF_PERICENTER,MEAN_ANOMALY,EPHEMERIS_TYPE,CLASSIFICATION_TYPE,NORAD_CAT_ID,ELEMENT_SET_NO,REV_AT_EPOCH,BSTAR,MEAN_MOTION_DOT,MEAN_MOTION_DDOT
OPS 6582 (TRANSIT 5B-5),1964-083D,2026-06-04T01:02:06.775008,13.57011585,.0040075,90.0770,202.9344,318.5153,106.3267,0,U,965,999,4183,.6021E-4,.52E-6,0
LES-1,1965-008C,2026-06-01T01:32:16.355616,9.88355066,.00155642,32.1434,82.8958,212.8164,147.1366,0,U,1002,999,21459,-.25224161E-2,-.11E-6,0
SOLRAD 7B,1965-016D,2026-06-03T15:08:33.801792,13.94974039,.0019491,70.0798,265.0831,144.6941,215.5460,0,U,1291,999,11481,.51729E-4,.18E-6,0
SECOR 4 (EGRS 4),1965-027B,2026-06-03T15:09:03.753216,12.92667418,.00296637,90.2503,15.2719,234.0218,181.5511,0,U,1315,999,88517,.60152656E-4,.23E-6,0
TIROS 10,1965-051A,2026-06-03T07:13:03.463392,14.41625283,.00563473,98.5023,273.6937,120.2126,240.4659,0,U,1430,999,19391,.80750832E-4,.223E-5,0
ALOUETTE 2,1965-098A,2026-06-01T10:39:18.620928,12.28329978,.13297844,79.8010,290.0533,264.4792,80.3610,0,U,1804,999,67734,.1240531E-3,.371E-5,0
OV3-3,1966-070A,2026-06-04T02:53:39.534144,13.44961941,.1013191,81.3254,342.5393,191.5556,166.0662,0,U,2389,999,59721,.70986E-3,.15778E-3,0
SECOR 7 (EGRS 7),1966-077B,2026-05-31T19:23:56.009760,8.59615314,.0011654,90.3353,277.2466,75.1080,285.1061,0,U,2411,999,87597,-.94660848E-2,-.17E-6,0
ERS 15,1966-077C,2026-05-30T06:48:48.924576,8.59079282,.00073123,90.3351,277.0217,86.0359,274.1328,0,U,2412,999,38892,0,.2E-7,0
ISIS 1,1969-009A,2026-06-01T08:22:34.761216,11.30431426,.17059018,88.4416,146.1407,280.2415,61.1375,0,U,3669,999,35798,.62039084E-4,.83E-6,0
SECOR 13 (EGRS 13),1969-037B,2026-06-03T21:49:38.176032,13.42976601,.0038683,99.6503,26.9717,284.3639,143.4378,0,U,3891,999,79997,.40226E-4,-.2E-6,0
ATS 5,1969-069A,2026-06-03T19:35:24.368064,0.99496688,.00053523,0.2425,159.3044,120.6913,84.9840,0,U,4068,999,4619,0,-.9E-6,0
OPS 7613 (P/L 4),1969-082E,2026-06-04T01:21:23.981184,13.95994257,.0019228,70.0130,131.9406,154.1983,272.3909,0,U,4237,999,88447,.47491E-4,.12E-6,0
OPS 7613 (P/L 1),1969-082B,2026-06-03T15:41:18.940416,13.99194189,.0017086,70.0104,354.0888,82.0961,278.2085,0,U,4256,999,88857,.10827E-3,.104E-5,0
SHINSEI (MS-F2),1971-080A,2026-06-01T09:58:59.140128,12.74251529,.06399552,32.0551,171.3732,294.7919,58.7421,0,U,5485,999,54724,.74488499E-4,.65E-6,0
PROSPERO (BLACK ARROW),1971-093A,2026-06-03T12:29:43.437696,14.01580412,.05001853,82.0378,302.8275,266.3200,88.0663,0,U,5580,999,74661,.20000974E-3,.937E-5,0
OPS 7898 (P/L 2),1971-110C,2026-06-04T01:46:14.426112,13.74757702,.0008572,69.9909,29.9834,203.1242,156.9468,0,U,5680,999,34641,.56378E-4,.3E-7,0
NOAA 2 (ITOS-D),1972-082A,2026-06-04T00:43:11.867808,12.53214616,.0004078,102.0076,173.4572,189.4150,227.2751,0,U,6235,999,45330,.50512E-4,-.38E-6,0
OSCAR 7 (AO-7),1974-089B,2026-06-03T16:04:16.171104,12.53697881,.0012419,101.9902,167.7751,155.3130,322.4092,0,U,7530,999,35882,-.29295E-5,-.47E-6,0
TIROS N,1978-096A,2026-06-04T00:37:52.746816,14.19371269,.0009124,98.4533,176.6752,282.1581,77.8574,0,U,11060,999,67688,.81419E-4,.13E-5,0
PHASE 3B (AO-10),1983-058B,2026-06-02T07:35:50.974944,2.05871181,.60159561,25.9022,222.0290,111.5768,320.3605,0,U,14129,999,29518,0,.7E-6,0
HILAT,1983-063A,2026-06-04T02:14:15.070272,14.38703040,.0038535,82.0233,173.1997,332.3287,81.5500,0,U,14154,999,24570,.13171E-3,.423E-5,0
UOSAT 2 (UO-11),1984-021B,2026-06-04T03:11:13.043040,14.90749915,.0006504,97.8051,120.8543,218.7082,141.3671,0,U,14781,999,25518,.15166E-3,.1434E-4,0
NOAA 9,1984-123A,2026-06-04T01:40:33.515040,14.17064660,.0015117,99.0993,181.4033,30.9734,27.4567,0,U,15427,999,14156,.82261E-4,.119E-5,0
GEOSAT,1985-021A,2026-06-03T14:27:43.797600,14.39959730,.00012478,108.0439,53.1790,277.6210,82.4790,0,U,15595,999,16081,.91489854E-4,.152E-5,0
EUTELSAT 1-F4 (ECS 4),1987-078B,2026-06-04T03:25:05.190816,0.98689499,.0011233,13.8378,342.2195,42.3160,304.8866,0,U,18351,999,12662,0,-.85E-6,0
PACSAT (AO-16),1990-005D,2026-06-04T01:19:51.458880,14.33932380,.0009441,98.8527,190.4263,270.2070,151.4481,0,U,20439,999,90005,.6559E-4,.136E-5,0
LUSAT (LO-19),1990-005G,2026-06-03T23:53:45.010176,14.34118989,.0010544,98.8853,176.4374,242.4574,117.5539,0,U,20442,999,90050,.63317E-4,.13E-5,0
IRS-1B,1991-061A,2026-06-04T00:28:54.403104,13.97869921,.002499,99.4105,162.6382,41.1859,17.2128,0,U,21688,999,66665,.1432E-3,.156E-5,0
COSMOS 2197,1992-042A,2026-06-03T15:11:08.797344,12.64251878,.00115064,82.5949,237.5932,307.7712,184.6991,0,U,22034,999,56357,.15130982E-3,.38E-6,0
PEGASUS R/B,1993-009C,2026-06-01T10:44:51.102816,14.57947432,.00437058,24.9764,189.0649,297.4802,62.1271,0,U,22491,999,76733,.18631299E-3,.1087E-4,0
EYESAT A (AO-27),1993-061C,2026-06-03T15:27:55.905120,14.30938483,.0009234,98.6883,222.0623,135.0556,225.1375,0,U,22825,999,70506,.66973E-4,.131E-5,0
ITAMSAT (IO-26),1993-061D,2026-06-03T23:27:24.215040,14.31364938,.0009977,98.6830,222.3113,119.4870,240.7309,0,U,22826,999,70542,.59572E-4,.113E-5,0
RADIO ROSTO (RS15),1994-085A,2026-06-04T04:01:01.204320,11.27583587,.015555,64.8178,324.2733,6.2800,354.0027,0,U,23439,999,29443,-.18936E-3,-.49E-6,0
JAS-2 (FO-29),1996-046B,2026-06-03T13:25:10.751808,13.53273610,.03506368,98.5251,5.2975,131.7079,231.4625,0,U,24278,999,47132,.4929532E-5,-.28E-6,0
FORTE,1997-047A,2026-06-04T01:34:31.664064,14.27939819,.0024407,69.9543,43.6595,293.2497,66.6056,0,U,24920,999,49681,.10661E-3,.207E-5,0
NOAA 15,1998-030A,2026-06-04T03:29:15.436320,14.27142533,.0010845,98.5069,176.1300,31.9635,328.2201,0,U,25338,999,45943,.73444E-4,.137E-5,0
TECHSAT 1B (GO-32),1998-043D,2026-06-03T13:51:55.224864,14.24425649,.00003192,99.0064,146.9934,213.6137,146.5021,0,U,25397,999,44939,.49971906E-4,.69E-6,0
ISS (ZARYA),1998-067A,2026-06-03T23:13:08.053248,15.49590346,.0007082,51.6330,5.5404,130.0270,230.1341,0,U,25544,999,56970,.15807E-3,.8451E-4,0
ORSTED,1999-008B,2026-06-03T06:12:16.435584,14.51795905,.01305395,96.4833,64.9368,230.8566,128.0975,0,U,25635,999,43994,.10867428E-3,.454E-5,0
LANDSAT 7,1999-020A,2026-06-04T04:32:53.155104,14.63905667,.0001757,97.8579,159.4210,96.7687,329.6441,0,U,25682,999,44394,.11353E-3,.549E-5,0
ORBCOMM FM36,1999-065E,2026-06-01T06:45:34.294752,14.39167593,.00051781,45.0383,235.0941,245.8382,114.1926,0,U,25984,999,38469,.37868445E-3,.1041E-4,0
DMSP 5D-3 F15 (USA 147),1999-067A,2026-06-04T04:06:47.251872,14.17559866,.001072,98.9966,193.5630,44.5498,44.5808,0,U,25991,999,36880,.11691E-3,.192E-5,0
OPAL (OO-38),2000-004C,2026-06-04T00:38:17.571264,14.37959338,.0036524,100.1911,89.4223,72.5676,287.9493,0,U,26063,999,38139,.77691E-4,.178E-5,0
IMAGE,2000-017A,2026-06-01T06:23:33.544608,1.68666062,.74437368,94.2162,315.1599,289.6105,8.6041,0,U,26113,999,16123,-.18882371E-1,-.99E-6,0
CLUSTER II-FM7 (SAMBA),2000-041A,2026-06-05T23:36:57.501504,0.44829937,.90409651,149.8917,48.5803,265.6480,0.0292,0,U,26410,999,2025,0,.4453E-4,0
CLUSTER II-FM8 (TANGO),2000-045B,2026-05-30T10:18:46.567296,0.44418197,.90360595,150.1271,48.5941,265.4393,3.5087,0,U,26464,999,2023,0,.4404E-4,0
MEGSAT-1,2000-057B,2026-06-04T01:23:23.570016,15.05415796,.0041824,64.5494,111.1828,285.3667,74.2830,0,U,26546,999,39568,.27264E-3,.3821E-4,0
PHASE 3D (AO-40),2000-072B,2026-06-03T20:42:30.169152,1.25588172,.7930821,9.4467,353.0234,174.2976,209.6229,0,U,26609,999,11734,0,-.106E-5,0
ODIN,2001-007A,2026-06-04T04:28:00.662592,15.71608948,.0006368,97.3862,195.3329,160.3716,199.7793,0,U,26702,999,38735,.12424E-2,.162235E-2,0
OMNI-M1,2001-026A,2026-06-01T10:20:26.418048,3.92401639,.00146729,44.8352,248.8960,50.7644,309.4132,0,U,26857,999,20495,0,-.1E-6,0
PCSAT (NO-44),2001-043C,2026-06-03T14:37:22.463328,14.31950876,.00061154,67.0512,279.3895,263.9670,96.0735,0,U,26931,999,28850,.91733675E-4,.163E-5,0
PROBA-1,2001-049B,2026-06-04T04:37:49.596096,15.07437889,.0055404,97.9595,163.2727,165.1076,195.1798,0,U,26958,999,34166,.12618E-3,.1907E-4,0
SPOT 5,2002-021A,2026-06-04T00:49:06.229632,14.54742714,.0128628,97.9853,194.4789,317.8435,41.2924,0,U,27421,999,26093,.95523E-4,.406E-5,0
FENGYUN 1D,2002-024B,2026-06-04T00:32:20.851584,14.10222735,.0014333,98.9525,205.4122,280.6432,79.3124,0,U,27431,999,23762,.18997E-4,-.11E-6,0
SAUDISAT 1C (SO-50),2002-058C,2026-06-03T06:20:18.097440,14.83015002,.00755199,64.5505,172.0623,265.0164,94.2317,0,U,27607,999,26239,.14986347E-3,.1126E-4,0
CORIOLIS,2003-001A,2026-06-04T02:10:33.710880,14.19941104,.0012865,98.7126,162.1754,249.0733,110.9067,0,U,27640,999,21236,.66958E-4,.99E-6,0
CUTE-1 (CO-55),2003-031E,2026-06-03T13:11:18.293856,14.24327019,.00086909,98.6736,163.2800,219.4250,140.6297,0,U,27844,999,18973,.16425086E-3,.336E-5,0
CUBESAT XI-IV (CO-57),2003-031J,2026-06-01T00:01:20.276832,14.23611465,.00082889,98.6768,160.4891,248.3946,111.6350,0,U,27848,999,18907,.14575851E-3,.288E-5,0
MOZHAETS 4 (RS22),2003-042A,2026-06-04T04:18:08.114112,14.73443970,.0010404,98.3464,339.1708,315.7267,134.7843,0,U,27939,999,21363,.19064E-3,.1184E-4,0
IRS-P6 (RESOURCESAT-1),2003-046A,2026-06-04T04:54:59.912640,14.36157999,.0064778,98.1905,192.3535,22.3237,65.2641,0,U,28051,999,17866,.74858E-4,.183E-5,0
SAUDISAT 2,2004-025F,2026-06-04T01:07:12.668160,14.56675686,.0024264,98.5505,154.6892,339.9693,20.0549,0,U,28371,999,16383,.81908E-4,.317E-5,0
COSMOS 2407,2004-028A,2026-06-03T09:43:43.631904,13.76333553,.00378882,82.9606,85.0406,291.9152,161.7469,0,U,28380,999,9798,.55241907E-4,.69E-6,0
COSMOS 2414,2005-002A,2026-06-03T20:08:54.790656,13.87925434,.00404128,82.9507,53.7429,9.5848,350.6077,0,U,28521,999,8196,.60333547E-4,.88E-6,0
INMARSAT 4-F1,2005-009A,2026-06-03T21:17:53.888064,1.00272499,.000302,5.1502,42.7333,33.1390,314.0613,0,U,28628,999,7753,0,.43E-6,0
HAMSAT (VO-52),2005-017B,2026-06-04T01:34:14.720160,15.09605834,.0020868,97.9909,177.5801,82.6739,277.6859,0,U,28650,999,14478,.3782E-3,.604E-4,0
NOAA 18,2005-018A,2026-06-04T00:41:23.894592,14.13726820,.0014221,98.8113,234.8963,184.0268,176.0793,0,U,28654,999,8445,.61583E-4,.73E-6,0
SJ-7,2005-024A,2026-06-04T01:38:30.842592,15.21332503,.0017338,97.7286,184.8207,80.1895,280.1297,0,U,28737,999,14603,.4142E-3,.9241E-4,0
CUBESAT XI-V,2005-043F,2026-06-01T08:48:31.503456,14.72584583,.00128374,98.2967,307.6587,254.1655,105.8136,0,U,28895,999,9942,.27161207E-3,.1677E-4,0
CLOUDSAT,2006-016A,2026-06-04T03:46:04.252224,14.86367015,.0005712,98.3933,191.7251,28.3198,331.8326,0,U,29107,999,7257,.15947E-3,.1346E-4,0
CALIPSO,2006-016B,2026-06-04T05:20:01.124736,14.69323882,.000117,98.4471,170.4442,72.9787,287.1545,0,U,29108,999,7115,.22292E-3,.1264E-4,0
HINODE (SOLAR-B),2006-041A,2026-06-04T00:51:37.861632,14.68603378,.0016716,98.0548,171.3823,334.4034,25.6342,0,U,29479,999,5294,.15465E-3,.851E-5,0
METOP-A,2006-044A,2026-06-04T04:50:50.716896,14.75921160,.0175296,98.3325,261.4979,110.7092,81.3449,0,U,29499,999,2353,.36131E-3,.313E-4,0
SHIJIAN-6 02B (SJ-6 02B),2006-046B,2026-06-04T03:36:06.243264,15.01341330,.0014265,97.7155,184.2890,98.7555,261.5286,0,U,29506,999,6878,.12952E-3,.161E-4,0
DMSP 5D-3 F17 (USA 191),2006-050A,2026-06-04T03:48:40.671648,14.14991107,.0011325,98.7378,161.9955,92.6302,267.6168,0,U,29522,999,1058,.53369E-4,.6E-6,0
LAPAN-TUBSAT,2007-001A,2026-06-04T04:34:37.578144,14.85934922,.0010947,98.1337,154.1218,224.3535,135.6803,0,U,29709,999,4922,.71111E-5,.4E-7,0
HAIYANG-1B,2007-010A,2026-06-03T13:55:35.735808,14.31023350,.00123401,98.3489,136.9535,239.3242,120.6726,0,U,31113,999,99868,.54011753E-4,.1E-5,0
BEIDOU-2 M1,2007-011A,2026-06-02T17:16:35.479776,1.77349459,.00016134,50.9343,219.7596,338.2087,21.8767,0,U,31115,999,7589,0,.34E-6,0
CAPE-1,2007-012P,2026-06-03T10:34:32.132352,14.64835568,.00847595,98.4455,128.5684,113.6984,247.3140,0,U,31130,999,1634,.28474573E-3,.1548E-4,0
CBERS 2B,2007-042A,2026-06-03T07:13:44.118912,14.41468124,.00314826,98.3920,99.1933,18.8869,100.9328,0,U,32062,999,98268,.10994843E-3,.316E-5,0
COSMO-SKYMED 2,2007-059A,2026-06-04T04:46:34.788864,14.82160301,.000146,97.8884,338.9856,87.6919,272.4462,0,U,32376,999,8,.62668E-4,.447E-5,0
CARTOSAT-2A,2008-021A,2026-06-04T04:39:33.473952,14.79218921,.0012396,97.7636,204.3454,147.3107,212.8874,0,U,32783,999,97688,.11246E-3,.786E-5,0
CUTE-1.7+APD II (CO-65),2008-021C,2026-06-04T02:56:39.962400,15.09320521,.0010699,97.8273,136.2716,76.9308,283.3114,0,U,32785,999,98322,.34597E-3,.5458E-4,0
SEEDS II (CO-66),2008-021J,2026-06-03T13:18:22.326048,15.32257900,.00029913,97.7515,151.8069,42.0128,318.1342,0,U,32791,999,98520,.64842083E-3,.20146E-3,0
YUBILEINY (RS30),2008-025A,2026-06-04T01:27:52.027776,12.43178772,.0019413,82.5045,3.6071,343.2066,16.8369,0,U,32953,999,81806,.18825E-4,.12E-6,0
FENGYUN 3A,2008-026A,2026-06-03T10:39:20.171808,14.19568113,.00089901,98.6881,95.5346,160.5127,199.6395,0,U,32958,999,93345,.67514327E-4,.99E-6,0
HUANJING 1A (HJ-1A),2008-041A,2026-06-04T05:16:55.618752,14.83955363,.0018734,97.6677,141.5608,176.2131,183.9229,0,U,33320,999,95648,.13258E-3,.1054E-4,0
HUANJING 1B (HJ-1B),2008-041B,2026-06-04T04:23:58.682112,14.83292100,.0035032,97.6512,144.7360,224.6939,135.1451,0,U,33321,999,95648,.84086E-4,.643E-5,0
SHIJIAN-6 03A (SJ-6 03A),2008-053A,2026-06-04T04:29:40.195392,15.17031965,.001274,97.8408,188.0569,61.5636,298.6878,0,U,33408,999,96099,.31244E-3,.612E-4,0
SHIJIAN-6 03B (SJ-6 03B),2008-053B,2026-06-04T04:41:19.722624,15.04272073,.0020732,97.8576,174.8712,85.1439,275.2153,0,U,33409,999,96079,.17912E-3,.2439E-4,0
CHUANGXIN 1-02 (CX-1-02),2008-056B,2026-06-04T05:08:53.659680,14.30150094,.0014231,98.6133,181.6101,173.5062,186.6308,0,U,33434,999,91676,.15542E-4,-.4E-7,0
STARS (KUKAI),2009-002G,2026-06-03T15:19:22.134432,14.95649410,.00076648,98.1544,101.3959,206.9688,153.1134,0,U,33498,999,93645,.35869272E-3,.3927E-4,0
KKS-1 (KISEKI),2009-002H,2026-06-04T00:47:38.518080,14.83088133,.0007429,98.1193,77.2670,343.9089,16.1886,0,U,33499,999,93424,.20411E-3,.1607E-4,0
NOAA 19,2009-005A,2026-06-04T02:18:24.960672,14.13472133,.0014745,98.9521,225.9612,69.5062,290.7691,0,U,33591,999,89263,.51558E-4,.52E-6,0
UK-DMC 2,2009-041C,2026-06-04T05:02:22.254720,14.76009822,.0001362,97.8825,290.4944,73.6829,286.4530,0,U,35683,999,90465,.14947E-3,.98E-5,0
METEOR-M 1,2009-049A,2026-06-03T12:09:10.832832,14.23153655,.00023626,98.7379,117.0789,18.2584,341.8679,0,U,35865,999,86730,.64277471E-4,.101E-5,0
OCEANSAT-2,2009-051A,2026-06-04T04:32:21.346944,13.99662340,.0014519,98.2321,143.3374,276.0806,83.8707,0,U,35931,999,87751,.18079E-3,.227E-5,0
SWISSCUBE,2009-051B,2026-06-03T06:42:55.096704,14.62453382,.00053989,98.4045,61.9256,254.9932,105.0671,0,U,35932,999,88712,.25059349E-3,.122E-4,0
BEESAT-1,2009-051C,2026-06-03T14:58:59.003328,14.61697093,.00039096,98.3973,61.9398,272.0464,88.0289,0,U,35933,999,88720,.20663001E-3,.98E-5,0
ITUPSAT1,2009-051E,2026-06-03T06:15:28.683360,14.60418625,.00061718,98.4058,60.7773,286.3801,73.6720,0,U,35935,999,88670,.20304473E-3,.935E-5,0
DMSP 5D-3 F18 (USA 210),2009-057A,2026-06-04T03:06:11.965824,14.14889165,.0009952,98.9033,135.9272,291.1345,68.8764,0,U,35951,999,85774,.1672E-3,.278E-5,0
PROBA-2,2009-059B,2026-06-04T00:51:11.289312,14.54856510,.001245,98.2448,338.5709,326.2458,33.7945,0,U,36037,999,87961,.5784E-4,.203E-5,0
YAOGAN-7,2009-069A,2026-06-03T18:02:46.627584,14.77995556,.0026031,98.0087,40.7010,83.0152,277.4018,0,U,36110,999,88764,.92742922E-4,.62E-5,0
XIWANG-1 (HOPE-1),2009-072B,2026-06-04T04:07:43.812768,13.16437079,.0006794,100.4026,109.2127,264.4466,95.5872,0,U,36122,999,79129,-.66176E-3,-.297E-5,0
RADUGA-1M 2,2010-002A,2026-06-04T03:20:28.133664,0.98969449,.0006009,3.5869,79.0192,269.4317,324.2269,0,U,36358,999,4989,0,-.113E-5,0
COSMOS 2463,2010-017A,2026-06-03T07:54:11.035296,13.71664709,.0036592,82.9608,259.8868,166.4676,248.5399,0,U,36519,999,80603,.49616494E-4,.6E-6,0
CARTOSAT-2B,2010-035A,2026-06-04T03:27:21.000384,14.78642945,.0010244,97.9955,205.7758,228.9272,131.1055,0,U,36795,999,85792,.61905E-4,.401E-5,0
AISSAT 1,2010-035C,2026-06-03T23:29:02.678208,14.97298146,.0010056,98.0924,53.7568,100.3066,259.9289,0,U,36797,999,86224,.21655E-3,.245E-4,0
TISAT 1,2010-035E,2026-06-03T07:55:54.974496,15.31153617,.00005682,98.0708,99.6565,17.2069,342.9189,0,U,36799,999,86558,.76310205E-3,.22924E-3,0
YAOGAN-10,2010-038A,2026-06-04T05:27:56.488032,14.85306247,.0001608,97.8975,178.7350,88.1510,42.4803,0,U,36834,999,85528,.20066E-3,.167E-4,0
SHIJIAN-6 04B (SJ-6 04B),2010-051B,2026-06-04T03:24:55.622880,14.99284717,.0009756,97.8678,160.4202,354.6284,5.4833,0,U,37180,999,85372,.79918E-4,.914E-5,0
FENGYUN 3B,2010-059A,2026-06-04T05:23:31.111296,14.14836970,.002124,98.9620,201.1833,221.6544,219.0677,0,U,37214,999,80559,-.11988E-3,-.277E-5,0
COSMO-SKYMED 4,2010-060A,2026-06-04T03:27:36.050400,14.82159777,.0001418,97.8881,338.9330,84.3974,275.7401,0,U,37216,999,84263,.11939E-3,.898E-5,0
O/OREOS (USA 219),2010-062C,2026-06-04T00:04:09.194016,14.93684023,.001235,71.9701,110.2018,92.0323,268.2262,0,U,37224,999,11467,.25562E-3,.2646E-4,0
ELEKTRO-L 1 (GOMS 2),2011-001A,2026-06-03T14:53:29.134176,1.00156431,.00045176,9.6553,54.6432,27.8652,287.0942,0,U,37344,999,5634,0,-.66E-6,0
RESOURCESAT-2,2011-015A,2026-06-04T05:00:55.902240,14.21603556,.0010192,98.7646,222.7399,297.2827,62.7312,0,U,37387,999,78433,.70613E-4,.111E-5,0
YOUTHSAT,2011-015B,2026-06-03T13:13:37.530048,14.25624361,.00150616,98.3675,129.2206,26.6675,88.8490,0,U,37388,999,78569,.11044195E-3,.221E-5,0
APRIZESAT 6,2011-044F,2026-06-03T15:57:52.859232,14.76895152,.0044159,98.2373,64.8884,128.0800,296.4477,0,U,37793,999,79515,.12461E-3,.834E-5,0
JUGNU,2011-058B,2026-06-01T01:53:10.333248,14.13771859,.00184994,19.9618,46.2876,258.1927,242.1590,0,U,37839,999,75674,.98509485E-4,.456E-5,0
SRMSAT,2011-058D,2026-06-01T07:49:45.421824,14.11572059,.00118641,19.9701,155.4732,30.5063,85.9028,0,U,37841,999,75557,.70452217E-4,.395E-5,0
SUOMI NPP,2011-061A,2026-06-04T03:49:52.696416,14.19514574,.0002212,98.7951,96.1250,34.6599,325.4721,0,U,37849,999,75659,.70884E-4,.105E-5,0
YAOGAN-12,2011-066B,2026-06-04T05:18:27.071424,15.26427424,.0007979,97.1144,194.3995,272.2234,87.8091,0,U,37875,999,81006,.22134E-3,.57E-4,0
BEIDOU-2 M4,2012-018B,2026-06-01T00:17:34.485216,1.86229761,.00110626,55.6723,304.6348,278.2217,81.6260,0,U,38251,999,9564,0,-.79E-6,0
ARIRANG-3 (KOMPSAT-3),2012-025B,2026-06-04T04:01:29.857152,14.62194106,.0006037,98.1171,112.8530,143.2342,216.9274,0,U,38338,999,74944,.10798E-3,.497E-5,0
HORYU-2,2012-025D,2026-06-04T03:40:21.888768,14.90984575,.0007434,98.2165,287.5581,217.7503,142.3193,0,U,38340,999,74678,.37681E-3,.3665E-4,0
CSSWE,2012-048D,2026-06-04T01:55:28.549056,15.43804331,.0049322,64.6610,137.8694,177.8777,182.2580,0,U,38761,999,11437,.55932E-3,.26483E-3,0
CP5,2012-048F,2026-06-03T12:23:10.069728,15.27460418,.00808855,64.6433,197.7600,180.6561,179.4476,0,U,38763,999,11467,.4350155E-3,.12725E-3,0
METOP-B,2012-049A,2026-06-04T04:00:47.358720,14.21429136,.0002943,98.6509,206.9256,49.0204,311.1227,0,U,38771,999,71141,.84316E-4,.141E-5,0
SJ-9A,2012-056A,2026-06-04T03:55:59.808288,14.85447210,.0024215,97.6702,127.5874,302.3843,57.5029,0,U,38860,999,69765,.1615E-3,.1346E-4,0
COSMOS 2484 (RODNIK-S 6),2013-001C,2026-06-04T04:28:43.243968,12.42938740,.002731,82.5026,229.9744,64.2323,296.1570,0,U,39059,999,60694,.31065E-3,.53E-6,0
SARAL,2013-009A,2026-06-04T04:36:33.373152,14.32852736,.0001451,98.5557,341.9241,4.5997,355.5201,0,U,39086,999,69374,.48672E-4,.89E-6,0
AAUSAT 3,2013-009B,2026-06-03T18:28:00.025536,14.39922112,.00101597,98.3699,338.8692,250.3163,109.6930,0,U,39087,999,69524,.24833695E-3,.738E-5,0
STRAND-1,2013-009E,2026-06-04T00:52:51.152160,14.37155097,.0007387,98.3918,335.5951,270.6143,89.4198,0,U,39090,999,69517,.11292E-3,.293E-5,0
BRITE-AUSTRIA,2013-009F,2026-06-04T01:03:13.912128,14.36536752,.0008968,98.3993,334.8055,280.8845,79.1332,0,U,39091,999,69516,.88188E-4,.216E-5,0
UNIBRITE,2013-009G,2026-06-04T01:19:11.744256,14.36407866,.0007879,98.4030,334.9238,276.9696,83.0594,0,U,39092,999,69510,.85636E-4,.208E-5,0
AIST-2 (RS43),2013-015D,2026-06-04T03:38:18.849984,15.26148702,.0019208,64.8700,299.9520,246.6101,113.3010,0,U,39133,999,72191,.25983E-3,.6569E-4,0
GAOFEN-1,2013-018A,2026-06-04T04:29:33.247104,14.76522064,.0016118,97.9097,227.5183,311.9828,48.0008,0,U,39150,999,70632,.28875E-4,.151E-5,0
NEE-01 PEGASO,2013-018B,2026-06-03T11:09:53.669664,14.93586684,.00121772,98.1207,298.1637,203.9081,156.1574,0,U,39151,999,70865,.30779545E-3,.319E-4,0
TURKSAT-3USAT,2013-018C,2026-06-03T20:11:13.086816,14.96336034,.0012782,97.7920,245.7232,141.4420,218.7716,0,U,39152,999,70909,.33455E-3,.3732E-4,0
CUBEBUG-1 (CAPITAN BETO),2013-018D,2026-06-03T06:25:20.900928,14.97215022,.00113338,98.1668,313.5902,185.6911,174.4183,0,U,39153,999,70898,.38510888E-3,.4398E-4,0
PROBA-V,2013-021A,2026-06-03T13:18:01.331712,14.23593894,.00044864,98.3577,133.8344,157.0674,203.0707,0,U,39159,999,67917,.50464514E-4,.74E-6,0
ESTCUBE 1,2013-021C,2026-06-03T22:56:12.975072,14.81358997,.0009531,97.7293,209.6057,64.3012,295.9184,0,U,39161,999,70306,.24696E-3,.188E-4,0
ARIRANG-5 (KOMPSAT-5),2013-042A,2026-06-04T04:43:32.800224,15.04540214,.0003717,97.6199,342.0789,158.5396,201.5987,0,U,39227,999,70190,.16397E-3,.2237E-4,0
GONETS-M 5,2013-048A,2026-06-04T03:43:05.265120,12.42891371,.001569,82.4828,351.5090,240.5529,119.3985,0,U,39249,999,57726,-.18603E-3,-.16E-6,0
GONETS-M 7,2013-048C,2026-06-04T04:46:00.170976,12.42914486,.0016471,82.4897,354.3974,241.7955,118.1462,0,U,39251,999,57722,.28841E-3,.5E-6,0
FENGYUN 3C,2013-052A,2026-06-04T04:20:57.647328,14.15751868,.001578,98.4980,129.6539,62.8683,297.4099,0,U,39260,999,65672,.73965E-4,.104E-5,0
CASSIOPE,2013-055A,2026-06-04T02:26:06.104256,15.24017002,.0297024,80.9147,82.5959,106.2984,257.1134,0,U,39265,999,66567,.47326E-3,.42676E-3,-.55731E-6
APRIZESAT 7,2013-066A,2026-06-03T11:14:31.928640,14.91532678,.00342772,97.7702,107.8862,256.3956,103.3444,0,U,39416,999,67918,.14142157E-3,.1374E-4,0
ZACUBE-1 (TSHEPISOSAT),2013-066B,2026-06-03T22:37:15.793824,15.01095965,.0039904,97.8107,117.2078,294.5657,65.1411,0,U,39417,999,67874,.35148E-3,.451E-4,0
APRIZESAT 8,2013-066K,2026-06-04T02:13:28.244928,14.87624717,.0045204,97.8216,102.7439,330.7670,29.1018,0,U,39425,999,67772,.14319E-3,.1269E-4,0
CINEMA-3 (KHUSAT-2),2013-066L,2026-06-03T06:24:07.848000,14.78267777,.00884442,97.8411,66.8245,257.2886,101.8427,0,U,39426,999,67239,.18290457E-3,.136E-4,0
TRITON-1,2013-066M,2026-06-04T04:39:53.178336,14.81659329,.0088404,97.8260,65.2974,277.0601,82.0565,0,U,39427,999,67216,.39209E-3,.3243E-4,0
DELFI-N3XT,2013-066N,2026-06-03T23:49:20.773056,14.94943245,.0072729,97.8344,75.3173,250.1592,109.1778,0,U,39428,999,67265,.62312E-3,.7111E-4,0
GOMX-1,2013-066Q,2026-06-04T04:18:59.743296,14.69407798,.0129976,97.6485,356.4635,118.8541,242.5783,0,U,39430,999,66800,.36522E-3,.241E-4,0
BRITE-PL1 (LEM),2013-066R,2026-06-03T13:01:18.927552,14.51356504,.0191069,97.7952,267.8569,53.9809,307.8929,0,U,39431,999,66195,.15280148E-3,.724E-5,0
ICUBE-1,2013-066S,2026-06-03T11:38:42.920736,15.25472093,.0017077,97.5691,139.9861,27.2673,332.9457,0,U,39432,999,68232,.60718E-3,.15372E-3,0
VELOX-PII,2013-066Y,2026-06-03T10:19:49.301472,14.93018732,.00538881,97.8746,105.7803,30.1812,330.2492,0,U,39438,999,67578,.36219004E-3,.3814E-4,0
CUBEBUG-2 (LO-74),2013-066AA,2026-06-03T07:55:56.668800,14.93641817,.00594532,97.8904,103.2522,73.9566,286.8190,0,U,39440,999,67492,.47122985E-3,.5093E-4,0
NEE-02 KRYSAOR,2013-066AB,2026-06-02T19:19:10.619328,14.86554787,.0067604,97.8894,93.1239,116.2445,244.5740,0,U,39441,999,67406,.2311691E-3,.2076E-4,0
FUNCUBE-1 (AO-73),2013-066AE,2026-06-03T17:33:37.044000,15.09317269,.00346977,97.8276,125.8984,248.4796,111.2732,0,U,39444,999,67763,.51138585E-3,.8204E-4,0
HINCUBE,2013-066AF,2026-06-02T19:43:18.700608,15.08099916,.00311558,97.7965,122.1315,258.9928,100.7795,0,U,39445,999,67736,.42142227E-3,.6507E-4,0
UWE-3,2013-066AG,2026-06-04T02:44:55.111200,14.96917145,.0049393,97.8703,111.1024,5.4277,354.7469,0,U,39446,999,67562,.38663E-3,.4488E-4,0
SMDC ONE 2.4,2013-072H,2026-06-03T05:44:40.843968,15.17905295,.0143185,120.4924,298.2438,4.1650,356.0586,0,U,39469,999,11571,.40812E-3,.10519E-3,0
CP8 (IPEX),2013-072K,2026-06-04T04:15:40.209408,15.07934113,.0162682,120.4641,249.0322,348.5494,11.1900,0,U,39471,999,11327,.32219E-3,.6383E-4,0
COSMOS 2488 (RODNIK-S 7),2013-076A,2026-06-04T03:48:12.589920,12.42905338,.0020667,82.4827,176.8124,122.2278,238.0808,0,U,39483,999,56427,-.80437E-4,-.1E-7,0
COSMOS 2489 (RODNIK-S 8),2013-076B,2026-06-04T03:12:06.133248,12.42879306,.0022498,82.4864,178.2024,122.3806,237.9455,0,U,39484,999,56432,-.32631E-3,-.35E-6,0
COSMOS 2490 (RODNIK-S 9),2013-076C,2026-06-04T04:27:30.538368,12.42877867,.0022428,82.4811,176.2430,137.3150,222.9677,0,U,39485,999,56426,.39305E-3,.64E-6,0
AIST-1 (RS41),2013-078C,2026-06-04T04:25:37.562592,14.96036309,.0016011,82.4161,283.4698,325.8425,34.1765,0,U,39492,999,67330,.23391E-3,.2656E-4,0
KAZEOSAT 1,2014-024A,2026-06-04T04:27:08.629920,14.42074517,.0001502,98.3207,227.9552,79.1943,280.9416,0,U,39731,999,63668,.70943E-4,.19E-5,0
COSMOS 2496 (RODNIK-S 10),2014-028A,2026-06-04T05:22:17.823360,12.42877777,.0021165,82.4441,116.8505,105.6662,254.6754,0,U,39761,999,54590,-.18411E-3,-.16E-6,0
COSMOS 2497 (RODNIK-S 11),2014-028B,2026-06-04T02:51:01.404864,12.42893083,.0021765,82.4487,118.6010,101.1292,259.2236,0,U,39762,999,54589,-.75853E-3,-.95E-6,0
COSMOS 2498 (RODNIK-S 12),2014-028C,2026-06-04T04:15:58.750848,12.42979580,.0022481,82.4449,117.0568,100.6961,259.6651,0,U,39763,999,54593,-.1875E-5,.1E-6,0
COSMOS 2499 (RS47),2014-028E,2026-06-04T04:15:09.264384,12.82902490,.0231918,82.4496,261.2061,32.4563,329.0561,0,U,39765,999,56335,.42243E-4,.23E-6,0
HODOYOSHI-4,2014-033B,2026-06-04T04:35:11.961024,14.88095557,.0023573,97.5448,340.6410,352.4301,7.6557,0,U,40011,999,64687,.14885E-3,.1323E-4,0
UNISAT-6,2014-033C,2026-06-03T16:27:54.809856,14.88166007,.0046407,97.7869,307.6374,112.5348,248.0791,0,U,40012,999,64415,.38451616E-3,.3559E-4,0
DEIMOS-2,2014-033D,2026-06-04T04:29:39.995808,14.93686492,.0001913,97.5837,30.1319,57.8182,302.3224,0,U,40013,999,63578,.17194E-3,.1764E-4,0
BUGSAT-1 (TITA),2014-033E,2026-06-04T03:52:08.573376,15.15438949,.0027016,98.0425,246.9496,223.3151,136.5957,0,U,40014,999,65386,.34286E-3,.6465E-4,0
SAUDISAT 4,2014-033G,2026-06-04T04:50:10.246272,14.79525826,.0046127,97.7569,301.7869,114.9486,245.6529,0,U,40016,999,64415,.13468E-3,.974E-5,0
APRIZESAT 9,2014-033J,2026-06-03T07:02:21.027552,14.74195339,.00648781,97.9044,287.8329,244.4445,115.0047,0,U,40018,999,64151,.11359589E-3,.722E-5,0
BRITE-CA1 (TORONTO),2014-033L,2026-06-03T07:30:38.858400,14.72656654,.00777195,97.9723,283.4981,322.1342,37.4414,0,U,40020,999,64017,.12817401E-3,.802E-5,0
DUCHIFAT-1,2014-033M,2026-06-02T16:22:25.685472,15.61688703,.00050954,98.0473,210.8393,141.7306,218.4313,0,U,40021,999,65348,.11397187E-2,.99172E-3,0
NANOSATC-BR1,2014-033Q,2026-06-04T01:41:34.896192,15.31019931,.0003039,98.0721,186.3011,201.8474,158.2636,0,U,40024,999,65197,.6223E-3,.18591E-3,0
QB50P1,2014-033R,2026-06-03T13:44:21.385536,15.18040602,.00070591,98.0967,164.7661,272.3380,87.7044,0,U,40025,999,65096,.48089613E-3,.9724E-4,0
DTUSAT-2,2014-033W,2026-06-04T05:25:19.030944,15.14842658,.0006144,98.0864,152.1319,280.7902,79.2636,0,U,40030,999,65072,.42187E-3,.7774E-4,0
QB50P2,2014-033Y,2026-06-03T10:17:28.207680,15.14969589,.00065397,98.0751,150.4548,210.2543,149.8311,0,U,40032,999,65058,.37122111E-3,.6856E-4,0
PERSEUS-M1,2014-033AF,2026-06-04T01:21:56.179872,14.95587199,.0011068,97.9641,98.9742,349.8422,10.2573,0,U,40039,999,64867,.24106E-3,.2617E-4,0
POLYITAN-1,2014-033AJ,2026-06-03T23:56:55.766688,15.32773760,.0007538,98.0949,180.0160,180.7308,179.3922,0,U,40042,999,65157,.63302E-3,.19995E-3,0
TIGRISAT,2014-033AK,2026-06-03T23:27:51.807744,14.85106187,.0050618,97.7821,305.2937,117.3579,243.2801,0,U,40043,999,64366,.31399E-3,.2692E-4,0
AISAT,2014-034B,2026-06-03T15:12:21.749184,15.08554010,.0007512,98.2399,66.0552,268.1570,91.8796,0,U,40054,999,64516,.78826E-3,.1226E-3,0
CANX-4,2014-034C,2026-06-03T15:24:01.164096,14.81238223,.0013938,98.3136,29.4566,57.9820,302.2744,0,U,40055,999,64252,.15162E-3,.1125E-4,0
CANX-5,2014-034D,2026-06-03T16:59:15.745632,14.81255741,.00139378,98.3139,29.5679,57.8696,302.3866,0,U,40056,999,63334,.15834635E-3,.1178E-4,0
VELOX-I,2014-034E,2026-06-04T03:57:44.126784,14.97769449,.0006519,98.2571,59.4305,331.6322,28.4543,0,U,40057,999,64465,.51321E-3,.5963E-4,0
GONETS-M 10,2014-036C,2026-06-04T04:35:45.493728,12.42945190,.002214,82.5105,315.7479,168.1497,192.0108,0,U,40063,999,54063,.14151E-3,.3E-6,0
METEOR-M 2,2014-037A,2026-06-04T04:39:05.980608,14.21458060,.0007041,98.5109,131.3930,75.4948,284.7010,0,U,40069,999,61747,.14111E-3,.267E-5,0
DX1,2014-037C,2026-06-04T03:09:33.900768,14.89946415,.0006408,98.3867,116.0430,327.2831,32.7987,0,U,40071,999,64416,.23606E-3,.2211E-4,0
UKUBE-1,2014-037F,2026-06-03T13:09:49.703616,15.13321645,.00016466,98.4235,156.3901,150.7111,209.4210,0,U,40074,999,64649,.57522925E-3,.10176E-3,0
GAOFEN-2,2014-049A,2026-06-04T04:52:45.432768,14.80884629,.000593,98.0111,219.4221,278.2641,81.7899,0,U,40118,999,63731,.11195E-3,.811E-5,0
BRITE-PL2 (HEWELIUSZ),2014-049B,2026-06-03T07:31:39.473184,14.94537783,.00148153,97.9084,266.2083,151.1613,209.0429,0,U,40119,999,63937,.2460017E-3,.2604E-4,0
CBERS 4,2014-079A,2026-06-04T05:05:20.238720,14.35505007,.0002059,98.3534,212.4497,78.2511,281.8906,0,U,40336,999,60209,.14329E-4,-.1E-7,0
SMAP,2015-003A,2026-06-04T03:45:40.067136,14.63354919,.000126,98.1276,162.4359,90.8570,269.2777,0,U,40376,999,60571,.12072E-3,.577E-5,0
GONETS-M 11,2015-020A,2026-06-04T03:05:24.233280,12.42876772,.0017104,82.4880,39.1291,33.1040,327.1106,0,U,40552,999,50711,.53371E-3,.84E-6,0
GONETS-M 12,2015-020B,2026-06-04T04:23:21.339168,12.42890983,.0015897,82.4914,40.2158,18.6166,341.5491,0,U,40553,999,50711,.64939E-3,.1E-5,0
GONETS-M 13,2015-020C,2026-06-04T03:44:51.188064,12.42869833,.0014263,82.4876,38.8515,4.4574,355.6630,0,U,40554,999,50708,.48917E-3,.78E-6,0
DMC3-FM1,2015-032A,2026-06-04T03:21:16.520256,14.85725075,.0007126,97.6474,20.8258,92.7098,267.4933,0,U,40715,999,58797,.10803E-3,.887E-5,0
DMC3-FM2,2015-032B,2026-06-04T03:53:06.112320,14.85726983,.0007539,97.6527,22.4116,97.3419,262.8654,0,U,40716,999,58797,.39121E-4,.288E-5,0
DMC3-FM3,2015-032C,2026-06-04T04:26:33.782208,14.85717564,.0006761,97.6579,24.1788,97.3417,262.8567,0,U,40717,999,58798,.92586E-4,.752E-5,0
CARBONITE 1 (CBNT-1),2015-032D,2026-06-04T03:58:05.815776,14.83543483,.0014132,97.6500,333.7776,343.5055,16.5697,0,U,40718,999,58741,.15781E-3,.125E-4,0
DEORBITSAIL,2015-032E,2026-06-03T13:59:20.893344,15.03663255,.00107014,97.5905,11.6707,283.6521,76.3513,0,U,40719,999,58920,.57552951E-3,.7834E-4,0
2015-049G,2015-049G,2026-06-04T04:54:32.187744,15.65391942,.0003681,97.4558,198.5067,242.5058,117.5828,0,U,40905,999,59441,.43318E-3,.4318E-3,0
LILACSAT-2,2015-049K,2026-06-04T04:15:19.209888,15.50996507,.0005381,97.4655,191.5276,308.6062,51.4707,0,U,40908,999,59373,.32633E-3,.18873E-3,0
COSMOS 2507 (RODNIK-S 13),2015-050A,2026-06-04T04:36:40.194432,12.42926255,.0010734,82.4925,87.7606,23.6806,336.4766,0,U,40920,999,48524,.28275E-3,.49E-6,0
COSMOS 2508 (RODNIK-S 14),2015-050B,2026-06-04T03:31:42.934944,12.42913542,.0015478,82.4879,86.2987,53.4793,306.7710,0,U,40921,999,48522,.18512E-3,.36E-6,0
COSMOS 2509 (RODNIK-S 15),2015-050C,2026-06-04T04:00:32.216256,12.42883147,.0015882,82.4886,86.3872,69.3326,290.9455,0,U,40922,999,48526,.32065E-3,.54E-6,0
LQSAT,2015-057A,2026-06-04T04:42:23.299200,14.76765683,.0016127,97.6675,149.2145,319.4654,40.5354,0,U,40958,999,57339,.73483E-4,.468E-5,0
LINGQIAO VIDEO A,2015-057B,2026-06-04T05:20:01.339872,14.77374746,.0015761,97.6615,150.6642,316.2756,43.7206,0,U,40959,999,57349,.14403E-3,.977E-5,0
LINGQIAO VIDEO B,2015-057C,2026-06-04T04:47:46.615776,14.77479220,.0015947,97.6581,151.8098,316.4492,43.5459,0,U,40960,999,57353,.62004E-4,.394E-5,0
JILIN-1,2015-057D,2026-06-04T03:38:07.488384,14.78138445,.0015691,97.6506,155.1658,309.6799,50.3028,0,U,40961,999,57368,.1607E-3,.1117E-4,0
FOX-1A (AO-85),2015-058D,2026-06-04T01:42:57.365856,14.90899033,.0129768,64.7763,319.7410,61.7322,299.6816,0,U,40967,999,11161,.29844E-3,.329E-4,0
SINOD-D 1,2015-058E,2026-06-03T15:22:09.148224,14.95808519,.0118307,64.7764,301.3323,58.5158,302.7453,0,U,40968,999,11463,.35119E-3,.4348E-4,0
ELEKTRO-L 2,2015-074A,2026-06-04T01:30:52.284096,1.00272364,.000133,6.6614,70.6831,280.5449,269.5208,0,U,41105,999,3837,0,-.107E-5,0
DAMPE,2015-078A,2026-06-04T03:50:26.083968,15.30749703,.0013472,97.4555,160.5633,117.6259,242.6351,0,U,41173,999,58255,.46119E-4,.1296E-4,0
ORBCOMM FM114,2015-081A,2026-06-01T23:30:56.809152,14.58838571,.00015469,47.0052,73.9009,135.7645,224.3365,0,U,41179,999,55553,.16355792E-3,.602E-5,0
ORBCOMM FM110,2015-081D,2026-06-02T23:53:49.713792,14.58854978,.00032303,47.0024,68.5419,358.8742,1.2136,0,U,41182,999,55555,.19639955E-3,.757E-5,0
ORBCOMM FM112,2015-081F,2026-06-03T22:12:08.428320,14.58883626,.0002854,47.0002,332.9588,156.2959,203.8059,0,U,41184,999,55701,.19993E-3,.774E-5,0
ORBCOMM FM113,2015-081G,2026-06-01T12:06:07.822944,14.58839578,.00013088,47.0021,344.7743,154.2176,205.8776,0,U,41185,999,55664,.1680085E-3,.623E-5,0
ORBCOMM FM108,2015-081J,2026-06-01T22:42:30.904992,14.58851287,.00021293,47.0049,254.2558,152.3962,207.7037,0,U,41187,999,55785,.23678195E-3,.948E-5,0
ORBCOMM FM117,2015-081K,2026-06-02T17:36:15.708096,14.58849437,.00027018,47.0011,249.1714,159.5688,200.5306,0,U,41188,999,55801,.21351104E-3,.838E-5,0
ORBCOMM FM116,2015-081L,2026-06-03T22:43:27.840864,14.58862060,.0001433,47.0035,333.2243,348.9329,11.1525,0,U,41189,999,55700,.20578E-3,.802E-5,0
CHUBUSAT-2,2016-012B,2026-06-03T22:51:48.280896,15.20739312,.0008931,30.9986,48.2288,303.0636,56.9147,0,U,41338,999,56640,.28399E-3,.6532E-4,0
CHUBUSAT-3,2016-012C,2026-06-04T01:23:58.486848,15.18441645,.0009289,31.0057,56.8061,291.8150,68.1502,0,U,41339,999,56620,.24791E-3,.5349E-4,0
HORYU-4,2016-012D,2026-06-01T10:26:11.976576,15.85409012,.00022929,30.9850,193.7734,171.6706,188.3991,0,U,41340,999,56830,.10080768E-2,.260233E-2,0
ZIYUAN 3-02 (ZY 3-02),2016-033A,2026-06-04T04:00:46.306368,15.21348355,.0012004,97.3834,231.1902,340.8500,19.2283,0,U,41556,999,55600,.26403E-3,.5857E-4,0
CARTOSAT-2C,2016-040A,2026-06-04T03:37:40.896192,15.19208175,.0009527,97.4489,215.3071,172.4899,187.6480,0,U,41599,999,55173,.16188E-3,.3342E-4,0
LAPAN-A3,2016-040E,2026-06-04T04:51:08.309664,15.33019137,.0012046,97.1488,151.7758,67.0872,293.1641,0,U,41603,999,55282,.11643E-3,.3646E-4,0
GAOFEN-3,2016-049A,2026-06-04T04:18:42.323328,14.42213247,.0001117,98.4008,163.1619,97.5545,262.5772,0,U,41727,999,51677,-.17642E-4,-.102E-5,0
PRATHAM,2016-059A,2026-06-03T21:02:24.014112,14.67177123,.00297363,97.8322,152.3193,260.7043,99.0799,0,U,41783,999,51756,.1364613E-3,.725E-5,0
ALSAT-1N,2016-059G,2026-06-03T21:41:42.904320,14.69284855,.0024541,97.8001,158.8462,228.6795,131.2300,0,U,41789,999,51805,.16388E-3,.924E-5,0
CAS-2T & KS-1Q,2016-066G,2026-06-04T01:56:15.516096,14.44649631,.0342271,98.3817,230.9662,169.1491,191.7333,0,U,41847,999,50290,.2801E-3,.1943E-4,0
YUNHAI-1 01,2016-068A,2026-06-04T04:14:07.638720,14.32695427,.0006518,98.5827,166.3045,74.4067,285.7835,0,U,41857,999,49996,.5689E-4,.111E-5,0
RESOURCESAT-2A,2016-074A,2026-06-04T04:34:49.527264,14.21612036,.0003284,98.7527,228.8005,108.5085,251.6449,0,U,41877,999,49245,.12023E-3,.22E-5,0
TANSAT,2016-081A,2026-06-04T05:26:25.622016,14.59939250,.0020507,98.5359,155.1015,353.2715,6.8206,0,U,41898,999,50273,.77987E-4,.324E-5,0
JILIN-1 03,2017-002B,2026-06-04T04:07:49.394208,15.41245247,.0005032,97.1948,162.4434,198.0164,162.0906,0,U,41914,999,51985,.34678E-3,.14347E-3,0
CARTOSAT-2D,2017-008A,2026-06-02T11:18:10.162944,15.19207121,.00034572,97.4108,213.0506,298.8344,61.2544,0,U,41948,999,51534,-.11060249E-3,-.2393E-4,0
CARTOSAT-2E,2017-036C,2026-06-04T04:49:27.287328,15.19215934,.000357,97.4278,215.2168,13.8203,346.3129,0,U,42767,999,49617,.22167E-3,.46E-4,0
D-SAT,2017-036AF,2026-06-04T04:03:02.459808,15.16894817,.0081175,97.5553,134.1211,205.6939,154.0251,0,U,42794,999,48888,.29986E-3,.6357E-4,0
IRIDIUM 113,2017-039A,2026-06-03T13:34:39.008064,14.34218836,.00023578,86.3964,327.8750,90.6635,269.4831,0,U,42803,999,46923,.19664925E-4,.75E-6,0
NORSAT 2,2017-042D,2026-06-04T00:12:06.494400,15.21653102,.0011023,97.4036,328.6610,98.4279,261.8206,0,U,42828,999,48573,.54021E-3,.1217E-3,0
TECHNOSAT,2017-042E,2026-06-04T00:25:20.194176,15.04875232,.0018985,97.4274,313.1793,135.2527,225.0236,0,U,42829,999,48472,.22481E-3,.3132E-4,0
FLYING LAPTOP,2017-042G,2026-06-04T04:29:08.224800,15.01054596,.0018771,97.4640,311.2247,164.3278,195.8532,0,U,42831,999,48450,.26533E-3,.3346E-4,0
WNISAT 1R,2017-042L,2026-06-03T23:10:18.426720,15.01701028,.0009642,97.4830,311.5616,195.2785,164.8150,0,U,42835,999,48452,.21147E-3,.2694E-4,0
LEMUR-2-GREENBERG,2017-042N,2026-06-04T01:57:34.890048,15.30898208,.0009736,97.3813,335.7714,58.5218,301.6973,0,U,42837,999,48638,.58871E-3,.17546E-3,0
LEMUR-2-FURIAUS,2017-042R,2026-06-04T01:35:11.512608,15.29794594,.0008623,97.3769,333.7410,109.3571,250.8602,0,U,42840,999,48620,.6684E-3,.19261E-3,0
CORVUS BC2,2017-042X,2026-06-03T23:23:52.420128,15.06210425,.001396,97.4065,316.8404,150.8066,209.3945,0,U,42846,999,48507,.25689E-3,.3714E-4,0
CORVUS BC1,2017-042Y,2026-06-03T23:18:15.475680,15.06379940,.0013374,97.4094,317.6421,129.2450,230.9967,0,U,42847,999,48510,.24131E-3,.35E-4,0
VRSS-2,2017-060A,2026-06-04T05:11:48.311232,14.81173667,.0018012,97.6513,193.5270,138.1035,222.1560,0,U,42954,999,46653,.17893E-3,.1346E-4,0
MOHAMMED VI-A,2017-070A,2026-06-04T03:16:33.645792,14.77119877,.0001797,97.9560,227.6470,93.3271,266.8144,0,U,43005,999,46205,.72956E-4,.465E-5,0
FENGYUN 3D,2017-072A,2026-06-04T04:19:10.803360,14.19737171,.0002628,99.0122,129.3677,83.1588,276.9886,0,U,43010,999,44314,.98819E-4,.163E-5,0
CZ-4C R/B,2017-072C,2026-06-03T07:44:32.373024,14.58766994,.01221968,98.5783,261.8693,194.0695,165.7089,0,U,43012,999,45461,.12959717E-3,.614E-5,0
NOAA 20 (JPSS-1),2017-073A,2026-06-04T02:27:20.167200,14.19509214,.0000649,98.7770,94.6814,36.4151,323.7069,0,U,43013,999,44261,.5541E-4,.73E-6,0
MAKERSAT 0,2017-073D,2026-06-03T14:13:50.381472,15.31566895,.01068633,97.4651,37.0098,322.1681,37.2082,0,U,43016,999,46438,.66960801E-3,.24382E-3,0
RADFXSAT (FOX-1B),2017-073E,2026-06-03T13:56:13.052832,15.12470589,.01516341,97.4712,22.0755,16.2859,344.3167,0,U,43017,999,46333,.49801308E-3,.11424E-3,0
JILIN-1 04,2017-074A,2026-06-04T04:11:45.820032,15.42104835,.0003045,97.4852,264.4448,226.9537,133.1455,0,U,43022,999,47226,.35512E-3,.15114E-3,0
JILIN-1 05,2017-074B,2026-06-04T04:53:03.697728,15.33665164,.0003703,97.4857,261.1850,273.3551,86.7268,0,U,43023,999,47201,.28179E-3,.9094E-4,0
JILIN-1 06,2017-074C,2026-06-04T04:10:17.533056,15.33550088,.000532,97.4785,258.1804,289.0968,70.9698,0,U,43024,999,47184,.20572E-3,.6593E-4,0
IRIDIUM 116,2017-083C,2026-06-03T12:58:06.840480,14.34218702,.00018632,86.3955,327.7086,92.8013,267.3396,0,U,43072,999,44221,.13424294E-4,.57E-6,0
IRIDIUM 130,2017-083D,2026-06-03T23:55:43.088736,14.34218949,.0001988,86.3965,327.7920,85.8706,274.2717,0,U,43073,999,44222,.70152E-4,.216E-5,0
LKW-2,2017-084A,2026-06-04T04:16:44.565312,15.26160865,.0000581,97.1195,195.5831,353.2362,6.8869,0,U,43080,999,46970,.2803E-3,.7175E-4,0
SUPERVIEW-1 03,2018-002A,2026-06-04T03:53:27.242304,15.38810337,.004644,97.3133,240.0241,226.5373,133.2006,0,U,43099,999,46636,.43196E-3,.17137E-3,0
CARTOSAT-2F,2018-004A,2026-06-04T04:00:39.055680,15.19270294,.0000336,97.4792,214.9276,1.6484,358.4752,0,U,43111,999,46535,.27269E-3,.5683E-4,0
LKW-3,2018-006A,2026-06-04T05:06:18.658080,15.34975881,.0003209,97.6605,315.2830,17.4828,342.6525,0,U,43146,999,46672,.32551E-3,.10964E-3,0
ASNARO-2,2018-007A,2026-06-04T04:07:41.884320,15.22387201,.0001868,97.3974,162.3023,89.6842,270.4608,0,U,43152,999,46543,.28526E-3,.6519E-4,0
JILIN-1 07,2018-008E,2026-06-04T02:48:36.139680,15.34493733,.0010236,97.1772,175.3962,103.1932,257.0454,0,U,43159,999,46299,.3015E-3,.10016E-3,0
JILIN-1 08,2018-008F,2026-06-04T02:36:56.714400,15.33549685,.000789,97.1804,174.7180,115.5026,244.7033,0,U,43160,999,46294,.21745E-3,.6982E-4,0
LEMUR-2-KADI,2018-014E,2026-06-04T00:01:13.493568,16.29437538,.0010752,97.4308,86.5413,218.5886,141.4640,0,U,43184,999,45900,.13547E-2,.5670531E-1,.25233E-5
S-NET D,2018-014G,2026-06-03T12:58:13.949472,15.16536098,.00099388,97.5372,59.4172,70.8529,289.3779,0,U,43186,999,45669,.31518571E-3,.6087E-4,0
S-NET B,2018-014H,2026-06-03T19:34:24.189600,15.16508833,.0010461,97.5378,59.6766,65.8455,294.3871,0,U,43187,999,45673,.31648322E-3,.6108E-4,0
S-NET A,2018-014J,2026-06-03T06:36:40.036032,15.16540722,.00104276,97.5390,59.3462,67.9189,292.3150,0,U,43188,999,45665,.31717804E-3,.6127E-4,0
S-NET C,2018-014K,2026-06-03T06:59:45.511008,15.16493858,.00116454,97.5406,59.4346,61.0421,299.1978,0,U,43189,999,45520,.31370426E-3,.6053E-4,0
PAZ,2018-020A,2026-06-04T03:08:34.843776,15.19146925,.0001648,97.4454,162.7024,87.2896,272.8527,0,U,43215,999,45902,.57404E-4,.1138E-4,0
GOES 17,2018-022A,2026-06-04T04:22:38.760384,1.00271727,.000076,0.9045,85.9525,5.2372,137.6159,0,U,43226,999,3029,0,-.171E-5,0
LKW-4,2018-025A,2026-06-04T00:12:07.348032,15.61191322,.0001886,97.6340,324.8607,6.8865,353.2417,0,U,43236,999,45797,.51597E-3,.43662E-3,0
ZHUHAI-1 OVS-02,2018-040B,2026-06-04T02:35:07.772640,15.24840818,.0002045,97.0390,173.1146,335.5921,24.5220,0,U,43440,999,45072,.3193E-3,.7866E-4,0
ZHUHAI-1 OHS-02,2018-040C,2026-06-04T03:58:33.730752,15.25682419,.0007268,97.0374,180.0957,277.5983,82.4431,0,U,43441,999,11229,.34597E-3,.8753E-4,0
GAOFEN-6,2018-048A,2026-06-04T04:42:10.994112,14.76615960,.0011113,97.7762,218.3556,211.4957,148.5589,0,U,43484,999,43147,.92739E-4,.599E-5,0
LUOJIA-1 01,2018-048B,2026-06-04T04:32:42.189216,14.87237106,.0009475,97.8107,233.5863,155.2634,204.9038,0,U,43485,999,43228,.31412E-3,.2777E-4,0
PAKTES 1A,2018-056A,2026-06-04T04:32:02.243040,14.99037106,.0022218,98.1292,311.1200,146.9941,213.2673,0,U,43529,999,42997,.2622E-3,.313E-4,0
PRSS-1,2018-056B,2026-06-04T03:48:37.075680,14.81969310,.0001789,97.7823,223.3887,80.3572,279.7843,0,U,43530,999,42650,.18658E-3,.1428E-4,0
HAIYANG-1C,2018-068A,2026-06-04T03:05:39.652224,14.34174441,.0011777,98.5193,227.6250,129.4300,230.7929,0,U,43609,999,40521,.36297E-4,.58E-6,0
SSTL S1-4,2018-071A,2026-06-04T04:20:12.903360,14.96171924,.0001009,97.5040,27.3350,112.2209,247.9120,0,U,43618,999,42099,.71012E-4,.745E-5,0
HAIYANG-2B,2018-081A,2026-06-04T04:17:08.774592,13.79307799,.0000969,99.3282,164.1311,22.2450,337.8744,0,U,43655,999,38313,-.70043E-4,-.116E-5,0
CZ-4B R/B,2018-081B,2026-06-03T15:05:29.402592,14.31860894,.0203925,99.3685,71.4721,306.0159,52.2271,0,U,43656,999,39736,.73067E-4,.185E-5,0
CFOSAT,2018-083A,2026-06-03T21:29:46.381344,15.16374708,.0001972,97.3604,159.8194,97.2214,262.9244,0,U,43662,999,42042,.2145E-3,.4099E-4,0
TEN-KOH,2018-084G,2026-06-04T00:11:06.211392,15.02882081,.001012,98.0775,346.8145,157.4231,202.7440,0,U,43677,999,41418,.22544E-3,.296E-4,0
DIWATA-2B,2018-084H,2026-06-04T03:58:18.325632,15.00386734,.0011779,98.1151,350.8099,213.8111,146.2361,0,U,43678,999,41426,.21165E-3,.2596E-4,0
STARS-AO,2018-084J,2026-06-03T19:33:56.199456,15.16895069,.00019162,98.0510,7.9633,169.6123,190.5148,0,U,43679,999,41544,.3503287E-3,.6828E-4,0
AUTCUBE 2,2018-084K,2026-06-04T02:38:27.749760,15.09997779,.0010441,98.0719,0.5915,88.2346,272.0077,0,U,43681,999,41495,.29597E-3,.4743E-4,0
METOP-C,2018-087A,2026-06-04T02:48:07.167168,14.21508547,.0001248,98.6649,214.9587,143.7544,216.3718,0,U,43689,999,39297,.83862E-4,.14E-5,0
ES'HAIL 2,2018-090A,2026-06-04T03:25:05.190816,1.00272521,.0001966,0.0174,355.2878,110.3925,223.9723,0,U,43700,999,2754,0,.156E-5,0
MOHAMMED VI-B,2018-095A,2026-06-04T04:05:42.039744,14.77100821,.0001152,97.9558,227.6742,89.8656,270.2686,0,U,43717,999,40626,.153E-3,.103E-4,0
HYSIS,2018-096A,2026-06-04T03:37:53.773248,14.78667889,.0001557,97.9842,222.0002,118.2923,241.8445,0,U,43719,999,40549,.19954E-3,.1411E-4,0
COSMOS 2530 (RODNIK-S 16),2018-097A,2026-06-04T04:12:14.547168,12.42881556,.0020593,82.5151,230.3550,66.8822,293.4425,0,U,43751,999,34067,.15117E-2,.22E-5,0
COSMOS 2531 (RODNIK-S 17),2018-097B,2026-06-04T04:44:46.965984,12.42913061,.0017957,82.5197,231.3951,85.0396,275.2734,0,U,43752,999,34069,.12863E-2,.188E-5,0
COSMOS 2532 (RODNIK-S 18),2018-097C,2026-06-04T03:29:32.453664,12.42909631,.0019352,82.5141,230.2194,87.0873,273.2421,0,U,43753,999,34065,.94502E-3,.141E-5,0
MINXSS-2,2018-099A,2026-06-04T03:36:51.101280,15.46002893,.000605,97.4538,231.0619,311.9906,48.0827,0,U,43758,999,41211,.81106E-3,.39647E-3,0
SIRION PATHFINDER-2,2018-099B,2026-06-03T15:17:37.619808,15.14421424,.0008344,97.4255,204.0173,357.9385,2.1811,0,U,43759,999,41057,.29276E-3,.5317E-4,0
AISTECHSAT 2,2018-099L,2026-06-04T01:56:12.060096,15.15310571,.0004363,97.4294,203.4018,5.6147,354.5134,0,U,43768,999,41029,.36756E-3,.6861E-4,0
FOX-1CLIFF (AO-95),2018-099N,2026-06-03T15:21:57.123072,15.26406805,.0009397,97.4392,214.9391,44.7441,315.4554,0,U,43770,999,41115,.50433E-3,.1308E-3,0
2018-099Q,2018-099Q,2026-06-03T03:59:57.664032,15.82343084,.00060339,97.4182,234.4865,256.3999,103.6598,0,U,43772,999,41244,.15665491E-2,.334612E-2,0
RANGE-A,2018-099R,2026-06-04T02:03:51.512832,15.13270154,.0011204,97.3965,198.0489,40.8470,319.3600,0,U,43773,999,41051,.29975E-3,.5276E-4,0
SNUSAT-2,2018-099AA,2026-06-04T01:12:47.826720,15.21631728,.0009556,97.4060,208.6375,351.0199,9.0865,0,U,43782,999,41103,.40205E-3,.9026E-4,0
SNUGLITE,2018-099AC,2026-06-03T09:10:58.144224,15.26859768,.00022977,97.3872,208.8009,13.9092,346.2209,0,U,43784,999,41121,.48801905E-3,.12815E-3,0
ITASAT,2018-099AE,2026-06-03T21:53:48.120000,15.18878726,.0013516,97.4030,206.6900,45.4174,314.8161,0,U,43786,999,41089,.35737E-3,.7403E-4,0
EAGLET-I,2018-099AJ,2026-06-03T22:58:03.675072,15.12833745,.0011925,97.4232,204.9762,38.6861,321.5222,0,U,43790,999,41033,.298E-3,.5181E-4,0
ESEO,2018-099AL,2026-06-04T01:48:53.503200,15.04200247,.0012608,97.3962,193.0259,25.5904,334.5944,0,U,43792,999,40983,.97481E-4,.1298E-4,0
THEA,2018-099AQ,2026-06-03T04:25:43.250304,15.34519161,.00064324,97.4443,223.7455,344.9961,15.1090,0,U,43796,999,41054,.60477971E-3,.20185E-3,0
ASTROCAST 0.1,2018-099AS,2026-06-04T05:06:51.310368,15.48645269,.0004124,97.4382,233.3137,254.4005,105.6790,0,U,43798,999,41242,.74396E-3,.39822E-3,0
JY1SAT (JO-97),2018-099AX,2026-06-02T20:52:48.336096,15.33171132,.00043716,97.4135,216.6595,332.8214,27.2798,0,U,43803,999,41143,.55972049E-3,.17885E-3,0
SUOMI-100,2018-099AY,2026-06-02T16:05:31.909344,15.28070071,.0008951,97.4192,214.1208,339.6537,20.4344,0,U,43804,999,41120,.50369208E-3,.1374E-3,0
CENTAURI-1,2018-099BD,2026-06-02T16:30:23.303808,15.16209609,.00146007,97.4225,205.7192,25.1750,335.0192,0,U,43809,999,41030,.35164987E-3,.6747E-4,0
GLOBAL-2,2018-099BG,2026-06-04T00:12:03.180960,15.08589537,.0005705,97.3556,192.0703,182.6626,177.4574,0,U,43812,999,40992,.19152E-3,.2935E-4,0
SEAHAWK-1,2018-099BQ,2026-06-03T14:22:33.339072,15.22574529,.00079385,97.3960,207.2934,9.4705,350.6679,0,U,43820,999,41046,.41332969E-3,.954E-4,0
SAUDISAT 5A,2018-102A,2026-06-04T04:45:21.735936,15.27907532,.0009963,97.3070,217.0303,170.3882,189.7551,0,U,43831,999,41369,.23124E-3,.6234E-4,0
SAUDISAT 5B,2018-102C,2026-06-04T05:15:41.008896,15.28172219,.0010613,97.3177,220.0969,173.2197,186.9188,0,U,43833,999,41381,.22498E-3,.6113E-4,0
2018-102D,2018-102D,2026-06-04T04:26:03.067872,15.65497287,.0004384,97.3439,243.7578,124.0192,236.1485,0,U,43834,999,41521,.713E-3,.71702E-3,0
ISAT,2018-111D,2026-06-04T01:08:02.139072,15.62916943,.0003384,97.5898,89.2815,48.8726,311.2824,0,U,43879,999,40911,.10724E-2,.97798E-3,0
UWE-4,2018-111E,2026-06-03T08:40:07.131360,15.45215882,.00082433,97.5860,82.1246,33.3192,326.8573,0,U,43880,999,40864,.73362008E-3,.349E-3,0
D-STAR ONE (SPARROW),2018-111F,2026-06-03T07:43:33.466368,15.70483668,.00053416,97.6132,93.8877,94.1599,266.0273,0,U,43881,999,40919,.11780157E-2,.146463E-2,0
JILIN-1 09,2019-005B,2026-06-04T05:09:46.966752,15.20395711,.0003606,97.4734,250.2901,120.4567,239.7025,0,U,43943,999,40717,.27281E-3,.5876E-4,0
JILIN-1 10,2019-005E,2026-06-04T04:56:21.723072,15.25577429,.0007162,97.4778,254.0121,334.1487,25.9392,0,U,43946,999,40733,.27307E-3,.6864E-4,0
EGYPTSAT-A (MISRSAT-A),2019-008A,2026-06-04T03:54:01.297728,14.72292387,.0001153,98.0063,220.1071,89.3535,270.7804,0,U,44047,999,39132,.21282E-3,.1295E-4,0
EMISAT,2019-018A,2026-06-04T04:24:43.007040,14.43680840,.0017249,98.4647,214.0544,256.2822,103.6448,0,U,44078,999,37818,.77447E-4,.219E-5,0
JILIN-1 GAOFEN 3A,2019-032C,2026-06-04T02:43:22.156032,15.32329478,.0005856,44.9747,68.8730,233.8947,126.1395,0,U,44312,999,38583,.41524E-3,.12933E-3,0
WT 1B,2019-032G,2026-06-04T04:21:34.303392,15.26918656,.0008763,44.9727,131.9121,181.0703,179.0162,0,U,44316,999,38509,.37236E-3,.9755E-4,0
PROX-1,2019-036A,2026-06-02T09:29:07.344096,14.90241213,.00056447,23.9937,213.0381,216.2369,143.7749,0,U,44339,999,37126,.1305371E-2,.13271E-3,0
NPSAT1,2019-036B,2026-06-01T16:30:02.500416,14.74428661,.00080322,24.0001,318.6958,35.7344,324.3688,0,U,44340,999,37020,.8434587E-3,.5973E-4,0
FORMOSAT 7-3,2019-036E,2026-06-01T10:53:57.174144,15.09678412,.00011802,24.0003,286.8181,89.1954,270.8685,0,U,44343,999,38086,.28639579E-3,.5082E-4,0
FORMOSAT 7-1,2019-036L,2026-06-01T05:51:20.968416,14.96431318,.00007678,23.9966,139.8706,22.0039,338.0495,0,U,44349,999,38226,.22746787E-3,.2945E-4,0
FORMOSAT 7-4,2019-036M,2026-06-02T07:59:57.389568,14.96434263,.00012642,23.9967,194.6368,37.2837,322.7752,0,U,44350,999,38184,.20226887E-3,.2653E-4,0
FORMOSAT 7-2,2019-036N,2026-06-02T11:44:12.270624,14.96438939,.0000776,23.9983,247.9036,45.2979,314.7584,0,U,44351,999,38138,.23194E-3,.2998E-4,0
FORMOSAT 7-6,2019-036Q,2026-06-01T03:43:34.451040,14.96433653,.00007625,23.9983,77.7033,267.9175,92.1238,0,U,44353,999,37941,.23202823E-3,.2998E-4,0
FORMOSAT 7-5,2019-036V,2026-06-02T19:11:25.287072,14.96449887,.00004688,24.0006,5.3713,42.2420,317.8117,0,U,44358,999,38019,.24093441E-3,.3103E-4,0
METEOR-M2 2,2019-038A,2026-06-04T04:17:34.531296,14.24361453,.000235,98.9139,142.2728,67.4584,292.6843,0,U,44387,999,35944,-.434E-4,-.146E-5,0
COSMOS 2535,2019-039A,2026-06-04T03:08:38.188320,14.91914045,.000669,97.5771,183.7943,252.9705,107.0782,0,U,44421,999,37469,.10044E-3,.962E-5,0
GLOBAL-4,2019-054E,2026-06-01T19:25:47.072640,15.62828840,.0006292,45.0073,325.0328,248.1786,111.8441,0,U,44499,999,37795,.65879081E-3,.61014E-3,0
ZY-1 02D,2019-059A,2026-06-04T04:10:33.373632,14.35455309,.0002049,98.3190,217.1188,127.4618,232.6755,0,U,44528,999,35247,.13742E-4,-.2E-7,0
TAURUS-1 (JINNIUZUO 1),2019-059C,2026-06-04T04:36:13.691232,14.71947782,.0008213,98.6408,319.2153,0.9847,359.1373,0,U,44530,999,35673,.86162E-3,.5351E-4,0
ZHUHAI-1 03B,2019-060C,2026-06-04T04:10:19.193664,15.53333842,.0008203,97.5519,312.2452,11.4266,348.7171,0,U,44536,999,37430,.52293E-3,.33031E-3,0
ZHUHAI-1 03C,2019-060D,2026-06-03T03:53:35.420928,16.31889338,.0012525,97.5247,325.4962,265.6201,94.3663,0,U,44537,999,37503,.83050081E-3,.4414569E-1,.2579305E-5
ZHUHAI-1 03D,2019-060E,2026-06-04T04:16:01.860384,15.48983771,.000705,97.5383,304.4850,355.2648,4.8534,0,U,44538,999,37406,.60743E-3,.32873E-3,0
ZHUHAI-1 03E,2019-060F,2026-06-04T04:34:10.069248,15.40625426,.0006862,97.5605,304.6924,75.0845,285.1160,0,U,44539,999,37376,.4712E-3,.19141E-3,0
ATLAS 5 CENTAUR DEB,2018-079BG,2026-06-03T04:14:36.606912,1.77430699,.47245149,13.6088,40.4258,296.9894,22.7936,0,U,44694,999,4631,0,-.84E-6,0
GAOFEN-7,2019-072A,2026-06-04T04:15:22.608000,15.21497215,.0018184,97.2430,217.1318,82.8134,277.5169,0,U,44703,999,36566,.21184E-3,.4719E-4,0
JILIN-1 GAOFEN 2A,2019-075A,2026-06-04T04:44:16.870272,15.38955694,.0007591,97.4965,238.6875,125.1931,235.0026,0,U,44777,999,36288,.42308E-3,.16258E-3,0
NINGXIA-1 1,2019-076A,2026-06-04T05:06:13.035168,14.02037232,.0010139,45.0051,237.8333,98.6049,261.5934,0,U,44779,999,33603,.2631E-4,-.9E-6,0
NINGXIA-1 5,2019-076E,2026-06-04T03:43:23.189664,14.02086184,.0009855,45.0055,237.4363,86.8330,273.3631,0,U,44783,999,33594,.15443E-3,.108E-5,0
KL-ALPHA A,2019-077A,2026-06-04T03:12:15.808320,13.56042300,.0012481,88.9259,223.9913,138.7686,221.4413,0,U,44785,999,32396,.17743E-3,.137E-5,0
CARTOSAT-3,2019-081A,2026-06-04T04:22:09.018912,15.19355553,.0012223,97.4307,217.2575,190.1065,169.9926,0,U,44804,999,36149,.25748E-3,.5385E-4,0
JILIN-1 GAOFEN 2B,2019-086A,2026-06-04T04:24:47.528352,15.20561697,.0014067,97.4882,227.2574,11.9062,348.2503,0,U,44836,999,35851,.31156E-3,.6769E-4,0
TIANQIN 1 (CAS-6),2019-093A,2026-06-04T04:12:05.025024,14.95367990,.0012702,97.7802,239.1096,96.7058,263.5609,0,U,44879,999,35010,.29206E-3,.317E-4,0
ETRSS-1,2019-093B,2026-06-04T04:27:15.083136,14.95793343,.00131,97.7824,239.5681,96.6779,263.5933,0,U,44880,999,35011,.40686E-3,.4489E-4,0
TIANYAN 01,2019-093C,2026-06-04T04:30:38.388384,14.86496995,.0014656,97.7535,227.7367,125.5092,234.7493,0,U,44881,999,34948,.82487E-4,.677E-5,0
TIANYAN 02,2019-093D,2026-06-04T03:44:28.273056,15.05052628,.0014678,97.7918,249.8228,70.2962,289.9846,0,U,44882,999,35065,.56002E-3,.7916E-4,0
CBERS 4A,2019-093E,2026-06-04T04:34:06.129408,14.81613238,.0001035,97.7498,222.8423,162.3044,197.8205,0,U,44883,999,34915,.80062E-4,.579E-5,0
WEILAI 1R,2019-093F,2026-06-04T04:26:22.292736,15.00527332,.0017658,97.7846,245.0536,75.2282,285.0897,0,U,44884,999,35047,.44103E-3,.5518E-4,0
FLORIPASAT-1,2019-093G,2026-06-04T02:48:47.834784,15.03737551,.0013601,97.7929,249.2544,111.1458,249.1222,0,U,44885,999,35068,.5027E-3,.685E-4,0
SHUNTIAN,2019-093H,2026-06-04T03:46:58.464768,14.95089668,.0013003,97.8010,243.3854,106.1849,254.0803,0,U,44886,999,35023,.2282E-3,.2446E-4,0
2019-093L,2019-093L,2026-06-04T03:09:07.516800,14.94459100,.0013314,97.7557,233.5473,94.0394,266.2349,0,U,44889,999,34985,.18644E-3,.1956E-4,0
ELEKTRO-L 3,2019-095A,2026-06-04T03:39:26.316288,1.00272507,.0001454,0.2234,81.2273,349.0887,313.0838,0,U,44903,999,2357,0,-.84E-6,0
GONETS-M 14,2019-096A,2026-06-04T04:02:34.819584,12.42869193,.0012939,82.5234,92.7114,176.3159,183.8018,0,U,44905,999,29206,.70515E-4,.2E-6,0
GONETS-M 15,2019-096B,2026-06-04T02:49:01.119648,12.42870575,.0014361,82.5253,93.2025,200.8532,159.1964,0,U,44906,999,29202,-.17641E-3,-.15E-6,0
GONETS-M 16,2019-096C,2026-06-04T03:27:05.535648,12.42891065,.0009595,82.5200,92.1447,246.1924,113.8150,0,U,44907,999,29201,.72379E-5,.11E-6,0
RS-44 & BREEZE-KM R/B,2019-096E,2026-06-04T00:38:56.351040,12.79748573,.0217591,82.5219,348.4520,174.8762,185.4640,0,U,44909,999,30066,-.44333E-4,.1E-7,0
JILIN-1 KUANFU 01,2020-003A,2026-06-04T04:05:44.960064,15.10648391,.0009383,97.5025,229.3805,356.7474,3.3693,0,U,45016,999,35336,.21986E-3,.3576E-4,0
XINGYUN-2 01,2020-028A,2026-06-04T04:03:17.420832,15.11752899,.0007272,97.4868,147.8287,245.1323,114.9152,0,U,45602,999,33287,.18573E-3,.3104E-4,0
XINGYUN-2 02,2020-028B,2026-06-04T01:53:52.359936,15.11486010,.0009951,97.5070,161.3019,325.6478,34.4107,0,U,45603,999,33285,.2087E-3,.3472E-4,0
HAIYANG-1D,2020-036A,2026-06-04T03:15:51.192288,14.34168502,.000258,98.4559,97.1002,159.9105,200.2182,0,U,45721,999,31310,.45974E-4,.86E-6,0
M2 PATHFINDER,2020-037E,2026-06-03T17:54:48.909024,15.04610466,.00113086,97.8146,345.8262,193.0877,167.0057,0,U,45727,999,32347,.25084641E-3,.3463E-4,0
GAOFEN DUOMO (GFDM),2020-042A,2026-06-04T04:46:38.241408,14.76862000,.0012312,97.7748,215.5568,111.9120,248.3401,0,U,45856,999,31909,.15841E-3,.1065E-4,0
ZIYUAN 3-03 (ZY 3-03),2020-051A,2026-06-04T05:27:59.582880,15.21425386,.0004587,97.2839,223.3707,12.5300,347.6050,0,U,45939,999,32537,.23892E-3,.5298E-4,0
NEMO-HD,2020-061F,2026-06-04T04:07:21.176832,15.44320112,.0002654,97.1922,217.2581,95.4030,264.7522,0,U,46277,999,31997,.25516E-3,.11674E-3,0
3CAT-5A,2020-061W,2026-06-03T15:32:34.477728,15.45657414,.000282,97.2407,217.5592,139.8599,220.2859,0,U,46292,999,31893,.38516E-3,.18503E-3,0
3CAT-5B,2020-061X,2026-06-03T18:32:12.110496,15.47003215,.00030556,97.2401,218.6407,140.1975,219.9500,0,U,46293,999,31898,.38760476E-3,.19505E-3,0
NAPA-1,2020-061BA,2026-06-04T04:48:40.351392,15.66256465,.0001265,97.2471,228.9696,152.8727,207.2600,0,U,46320,999,31970,.64923E-3,.67222E-3,0
JILIN-1 GAOFEN 3E,2020-065D,2026-06-04T03:50:49.773984,15.62059829,.0011965,97.2255,207.4820,198.9796,161.1018,0,U,46457,999,31772,.72567E-3,.63912E-3,0
JILIN-1 GAOFEN 3F,2020-065E,2026-06-04T03:55:23.781216,15.59557589,.0013563,97.2210,204.8810,188.2530,171.8506,0,U,46458,999,31767,.70275E-3,.56238E-3,0
JILIN-1 GAOFEN 3G,2020-065F,2026-06-04T03:30:12.691008,15.68865463,.0010972,97.2286,211.4592,105.9312,254.3160,0,U,46459,999,31789,.79627E-3,.92206E-3,0
JILIN-1 GAOFEN 3H,2020-065G,2026-06-04T03:42:46.592352,15.65878781,.0005844,97.2225,207.8707,53.4884,306.6913,0,U,46460,999,31784,.75443E-3,.77113E-3,0
HAIYANG-2C,2020-066A,2026-06-04T03:39:55.934208,13.83373967,.0009414,65.9980,247.7364,238.4020,121.6130,0,U,46469,999,28769,.6605E-4,-.9E-7,0
HJ-2A,2020-067A,2026-06-04T03:41:42.607104,14.76594182,.0002542,97.8828,233.8337,333.0048,27.1029,0,U,46478,999,30633,.78478E-4,.498E-5,0
HJ-2B,2020-067B,2026-06-04T04:34:53.952672,14.76541520,.0001122,97.8893,234.8809,89.2627,270.8712,0,U,46479,999,30634,.14985E-3,.995E-5,0
GONETS-M 17,2020-068A,2026-06-04T04:03:01.730592,12.42872658,.0023427,82.4988,355.6033,64.6289,295.7212,0,U,46486,999,25754,-.92515E-4,-.3E-7,0
GONETS-M 18,2020-068B,2026-06-04T03:10:41.754144,12.42872712,.0020703,82.4941,354.7487,61.3355,298.9803,0,U,46487,999,25752,.21165E-3,.39E-6,0
GONETS-M 19,2020-068C,2026-06-04T04:31:29.000640,12.42891926,.0014498,82.4966,355.1618,75.6400,284.6288,0,U,46488,999,25763,.20337E-3,.38E-6,0
DEKART,2020-068H,2026-06-03T23:49:12.626400,15.37031885,.0007993,97.8741,163.3210,343.4126,16.6854,0,U,46493,999,31374,.36439E-3,.13133E-3,0
NORBI,2020-068J,2026-06-04T02:25:25.853088,15.47877107,.0004812,97.8630,169.9181,314.0137,46.0715,0,U,46494,999,31418,.46906E-3,.2436E-3,0
SALSAT,2020-068K,2026-06-03T23:56:12.056064,15.29597840,.0009364,97.8850,157.2614,359.9507,0.1729,0,U,46495,999,31334,.30076E-3,.8555E-4,0
ICEYE-X6,2020-068M,2026-06-04T05:19:46.105824,15.04447182,.0008609,98.0969,148.2758,125.4623,234.7406,0,U,46497,999,31128,.18634E-3,.2539E-4,0
NETSAT-4,2020-068U,2026-06-03T13:50:19.818528,15.43386179,.00056992,97.8606,161.7287,30.7472,329.4107,0,U,46504,999,31367,.42675312E-3,.18989E-3,0
NETSAT-3,2020-068V,2026-06-03T13:44:11.895360,15.42183437,.00060677,97.8653,159.9578,46.7511,313.4240,0,U,46505,999,31358,.45992462E-3,.19667E-3,0
NETSAT-1,2020-068W,2026-06-03T12:09:18.183744,15.34296018,.00064563,97.8746,154.3780,68.9909,291.2022,0,U,46506,999,31320,.43777397E-3,.14469E-3,0
NETSAT-2,2020-068X,2026-06-03T13:40:59.490336,15.45384645,.00051933,97.8621,161.5679,62.6477,297.5299,0,U,46507,999,31363,.51556175E-3,.24586E-3,0
TIANQI-6,2020-076D,2026-06-03T14:59:14.195904,15.07086378,.00094241,34.9978,131.6964,46.3228,313.8262,0,U,46810,999,30653,.27311214E-3,.4161E-4,0
KSM1-C,2020-081B,2026-06-04T05:02:29.882976,15.26510745,.0000718,36.8932,139.0451,161.2570,198.8206,0,U,46906,999,30718,.31438E-3,.8314E-4,0
KSM1-D,2020-081C,2026-06-04T04:40:20.255232,15.24526372,.0003388,36.8946,147.8978,173.2802,186.7992,0,U,46907,999,30711,.26341E-3,.6541E-4,0
KSM1-A,2020-081H,2026-06-04T04:57:36.529920,15.25742319,.000423,36.8942,141.3623,225.7744,134.2658,0,U,46912,999,30719,.32239E-3,.8332E-4,0
R2,2020-081J,2026-06-01T01:57:08.509536,15.25182244,.00068263,36.8961,160.5241,158.1099,201.9942,0,U,46913,999,30952,.346666E-3,.882E-4,0
KSM1-B,2020-081K,2026-06-04T04:42:44.695296,15.24321144,.0005444,36.9003,148.4626,186.8149,173.2527,0,U,46914,999,31020,.29806E-3,.7371E-4,0
GONETS-M 20,2020-091A,2026-06-04T03:02:14.003808,12.42892830,.0020573,82.5037,310.5559,206.5760,153.4267,0,U,47227,999,24945,-.47912E-3,-.57E-6,0
GONETS-M 21,2020-091B,2026-06-04T04:20:25.230912,12.42886395,.0014126,82.4960,309.2370,219.8559,140.1485,0,U,47228,999,24945,.40363E-2,.569E-5,0
GONETS-M 22,2020-091C,2026-06-04T03:41:45.485088,12.42892017,.0021509,82.5020,310.1465,201.8300,158.1865,0,U,47229,999,24940,-.12109E-3,-.7E-7,0
CUBEL,2021-006AM,2026-06-03T21:57:39.021408,15.40795651,.000585,97.2338,205.6277,206.0472,154.0481,0,U,47448,999,29771,.22533E-3,.9151E-4,0
ARKTIKA-M 1,2021-016A,2026-06-02T00:56:25.095840,2.00628509,.72832396,63.2379,59.8266,269.8643,14.6915,0,U,47719,999,3848,0,-.2E-5,0
STARLINK-2342,2021-021Z,2026-06-04T04:00:03.000096,15.69868115,.0001617,53.1541,213.0401,85.8364,138.7388,0,U,47883,999,597,.87526E-2,.1183988E-1,0
GRUS-1B,2021-022C,2026-06-04T03:50:02.472576,14.98958843,.0016712,97.5400,38.7842,13.2074,346.9583,0,U,47934,999,28394,.20644E-3,.2448E-4,0
2021-022F,2021-022F,2026-06-04T04:40:43.768128,15.32832589,.0011212,97.3904,55.9045,131.5291,228.6914,0,U,47937,999,28772,.29508E-3,.9298E-4,0
UNISAT-7,2021-022P,2026-06-04T00:52:33.262176,15.40095960,.0011118,97.3901,59.8267,116.9474,243.2909,0,U,47945,999,28783,.38632E-3,.15422E-3,0
2021-022X,2021-022X,2026-06-03T07:48:24.291360,15.71763165,.0008176,97.3924,70.5014,103.2241,256.9935,0,U,47953,999,28832,.78588292E-3,.10259E-2,0
2021-022AC,2021-022AC,2026-06-02T07:53:47.347008,16.19599735,.00080573,97.3664,74.8283,174.4420,185.6960,0,U,47958,999,28763,.12284411E-2,.2248736E-1,.2417505E-5
GLOBAL-9,2021-023G,2026-06-03T22:42:09.984096,15.46052589,.0004941,44.9824,324.9238,252.5688,107.4661,0,U,47971,999,29289,.48948E-3,.24185E-3,0
AII-BRAVO,2021-034C,2026-06-03T02:39:48.821472,15.03352815,.00050364,97.5600,209.3420,320.0663,40.0192,0,U,48270,999,27750,.36837887E-3,.4945E-4,0
TYVAK-182A,2021-034D,2026-06-03T15:27:23.149152,15.06036847,.0006261,97.5726,213.7969,29.8234,330.3348,0,U,48271,999,27779,.45239E-3,.6543E-4,0
CSS (TIANHE),2021-035A,2026-06-04T02:43:28.756128,15.60233359,.0009764,41.4695,41.5326,338.4220,21.6207,0,U,48274,999,29112,.30785E-3,.25633E-3,0
TYVAK-0130,2021-041BF,2026-06-04T00:35:31.068960,15.27369068,.0011253,52.9942,87.2052,124.8097,235.3960,0,U,48606,999,27837,.35106E-3,.9208E-4,0
HAIYANG-2D,2021-043A,2026-06-04T04:58:16.329216,13.83375001,.0011348,65.9992,337.0162,270.4635,89.5133,0,U,48621,999,25475,.2196E-4,-.57E-6,0
2021-050D,2021-050D,2026-06-04T04:44:26.460672,15.23196858,.0004462,97.3341,231.5293,325.4986,34.5961,0,U,48843,999,27698,.27921E-3,.6537E-4,0
TYVAK-0173,2021-059P,2026-06-04T00:43:38.424576,14.81845633,.0010994,96.0085,234.6575,77.7966,282.4482,0,U,48892,999,26629,.27915E-3,.2176E-4,0
MANDRAKE 2 ABLE,2021-059AE,2026-06-04T01:03:29.145312,15.54433214,.000553,97.7037,343.8314,51.5862,308.5887,0,U,48907,999,27508,.35393E-3,.23183E-3,0
MANDRAKE 2 BAKER,2021-059AF,2026-06-04T00:19:38.839008,15.58861754,.0004027,97.7007,346.5798,53.9605,306.2023,0,U,48908,999,27524,.37304E-3,.28814E-3,0
PACE-1,2021-059AG,2026-06-04T00:48:33.024384,15.77590403,.0001005,97.6778,351.7134,21.7672,338.3636,0,U,48909,999,27572,.51081E-3,.85342E-3,0
YAM-3,2021-059AN,2026-06-03T18:06:35.534016,15.48240521,.00061233,97.6987,340.8356,57.2463,302.9376,0,U,48915,999,27491,.24772851E-3,.12968E-3,0
FARADAY_PHOENIX,2021-059AX,2026-06-04T00:23:08.994048,15.75099435,.0003009,97.6824,351.6131,17.4308,342.7058,0,U,48924,999,27558,.84053E-3,.126649E-2,0
DEMO8 (TENZING),2021-059CA,2026-06-04T01:08:02.668704,15.54471925,.0007397,97.7027,347.4710,43.7787,316.4051,0,U,48951,999,27526,.32823E-3,.21529E-3,0
NAPA-2,2021-059CN,2026-06-04T03:49:14.780640,15.92984514,.0001359,97.6744,352.5269,262.6394,97.4725,0,U,48963,999,27573,.74246E-3,.256466E-2,.2712E-4
FENGYUN 3E,2021-062A,2026-06-04T03:58:02.631072,14.19902065,.0002646,98.7488,158.7183,107.0352,253.1115,0,U,49008,999,25473,-.11121E-3,-.28E-5,0
ISS (NAUKA),2021-066A,2026-06-03T23:13:08.053248,15.49590346,.0007082,51.6330,5.5404,130.0270,230.1341,0,U,49044,999,56979,.15807E-3,.8451E-4,0
STARLINK-3100,2021-082Q,2026-06-04T00:31:46.509312,14.98344101,.0003079,70.0005,76.7715,271.2112,88.8694,0,U,49144,999,25891,.1302E-3,.1461E-4,0
CUTE,2021-088D,2026-06-03T05:23:26.374848,15.88005002,.0006699,97.4168,252.2144,259.6590,100.3927,0,U,49263,999,26033,.14408E-2,.406363E-2,0
2021-091B,2021-091B,2026-06-04T05:02:58.293024,15.18480072,.0015021,97.4467,342.9837,85.6256,274.6694,0,U,49316,999,25701,.76244E-4,.1508E-4,0
SDGSAT 1,2021-100A,2026-06-04T04:41:14.052192,15.19861867,.0007613,97.2638,202.6262,351.4965,8.6141,0,U,49387,999,25394,.19187E-3,.4052E-4,0
TEIKYOSAT-4 (OORURI),2021-102B,2026-06-04T01:28:41.472768,15.09460709,.0011461,97.3671,185.0554,346.7674,13.3253,0,U,49396,999,25074,.11983E-3,.186E-4,0
Z-SAT,2021-102E,2026-06-04T03:33:09.377280,15.18165053,.0014923,97.3328,190.8666,295.9541,64.0155,0,U,49399,999,25146,.26969E-3,.5459E-4,0
HIBARI,2021-102F,2026-06-04T01:40:41.062944,15.31454802,.0010087,97.3243,201.1248,242.3030,117.7189,0,U,49400,999,25218,.40106E-3,.12131E-3,0
KOSEN-1,2021-102H,2026-06-03T21:39:20.612160,15.26641992,.0012071,97.3187,197.3187,251.0135,108.9797,0,U,49402,999,25199,.30231E-3,.787E-4,0
GLOBAL-14,2021-106A,2026-06-03T22:38:41.746272,15.49914872,.0017486,42.0049,9.7485,290.4455,69.4511,0,U,49469,999,25607,.47584E-3,.27229E-3,0
GAOFEN-3 02,2021-109A,2026-06-04T03:28:14.329056,14.42215268,.0003644,98.4084,163.4261,46.5387,313.6105,0,U,49495,999,23843,.23093E-4,.33E-6,0
GLOBAL-12,2021-115BA,2026-06-04T01:48:28.111968,15.52745415,.0003605,53.1950,107.5463,39.7172,320.4103,0,U,49772,999,25386,.53395E-3,.33245E-3,0
GLOBAL-13,2021-115BB,2026-06-04T01:25:28.303968,15.45507217,.0004271,53.1967,116.9690,78.2699,281.8788,0,U,49773,999,25373,.43389E-3,.20778E-3,0
GLOBAL-17,2021-120A,2026-06-03T09:08:25.858176,15.51500943,.00129084,41.9940,131.5161,163.5948,196.5316,0,U,49949,999,25275,.46450586E-3,.28057E-3,0
GLOBAL-16,2021-120B,2026-06-01T09:04:06.902688,15.49391553,.00104196,41.9931,146.8808,139.4695,220.6926,0,U,49950,999,25239,.40879456E-3,.22812E-3,0
XW-3 (CAS-9),2021-131B,2026-06-04T05:05:17.411712,14.41345372,.0005044,98.4979,247.6719,126.8342,233.3310,0,U,50466,999,23324,.21731E-3,.659E-5,0
ION SCV-004,2022-002K,2026-06-03T15:13:46.634592,15.30310517,.0008503,97.2835,212.5484,52.4753,307.7260,0,U,50993,999,24322,.20986E-3,.6084E-4,0
ETV-A1,2022-002CE,2026-06-04T02:06:26.777088,15.40398395,.0005924,97.2880,221.4331,47.8010,312.3738,0,U,51060,999,24382,.29068E-3,.11677E-3,0
BRO-5,2022-002CF,2026-06-04T04:26:20.149152,15.46621585,.0004826,97.2999,228.7460,29.0179,331.1338,0,U,51061,999,24424,.65057E-3,.3243E-3,0
LUDI TANCE 1-01A (L-SAR 01A),2022-007A,2026-06-04T04:57:07.757856,14.88416820,.0001617,97.8105,162.8107,90.5018,269.6384,0,U,51284,999,23654,.78512E-4,.673E-5,0
LUDI TANCE 1-01B (L-SAR 01B),2022-018A,2026-06-04T04:08:42.406656,14.88419060,.0001551,97.8103,162.7733,93.2884,266.8510,0,U,51822,999,23177,.84897E-4,.733E-5,0
2022-019D,2022-019D,2026-06-04T04:27:25.244640,15.69094715,.0006212,97.3668,246.9807,175.8824,184.2490,0,U,51827,999,23766,.67883E-3,.79033E-3,0
2022-019J,2022-019J,2026-06-04T04:12:35.625312,15.20385266,.0006914,97.3431,218.3221,277.0711,82.9738,0,U,51832,999,23582,.15835E-3,.3383E-4,0
JILIN-1 GAOFEN 03D15,2022-019R,2026-06-04T00:18:45.555264,16.19828954,.0011161,97.3604,252.7669,254.8481,105.1574,0,U,51839,999,23803,.95262E-3,.1785565E-1,.24116E-5
JILIN-1 GAOFEN 03D12,2022-019T,2026-06-04T00:27:00.998784,16.28646434,.0013572,97.3516,252.7835,258.2597,101.7174,0,U,51841,999,23804,.91402E-3,.3595704E-1,.24558E-5
2022-023F,2022-023F,2026-06-04T00:50:10.207104,15.18125525,.0128764,63.4460,318.1932,343.2210,16.4660,0,U,51951,999,23571,.70383E-3,.17757E-3,0
CZ-4C R/B,2022-027B,2026-06-04T01:16:51.062592,13.65478786,.0231426,63.3933,93.8880,22.6613,338.4443,0,U,52085,999,21024,.84319E-4,-.13E-6,0
MERIDIAN 10,2022-030A,2026-06-04T00:14:43.732032,2.00615010,.6780054,62.6784,142.2055,272.8646,17.6775,0,U,52145,999,3076,0,.208E-5,0
OMNI-L1,2022-033A,2026-06-04T00:27:53.252640,14.82697737,.0004477,97.8393,234.4528,343.4429,16.6638,0,U,52157,999,22550,.2995E-3,.2364E-4,0
ENMAP,2022-033C,2026-06-04T03:22:19.249248,14.74977574,.0001394,97.9793,237.5749,81.6933,278.4434,0,U,52159,999,22473,.1292E-3,.818E-5,0
ARCSAT-1,2022-033E,2026-06-04T01:11:00.727008,15.53284071,.0003634,97.2750,247.1298,231.2611,128.8318,0,U,52161,999,23366,.24073E-3,.15077E-3,0
GLOBAL-18,2022-034B,2026-06-03T14:44:56.794272,15.45666291,.00037754,52.9827,321.4778,206.8115,153.2695,0,U,52196,999,23486,.50017568E-3,.24165E-3,0
GAOFEN-3 03,2022-035A,2026-06-04T04:28:41.845152,14.42212932,.000103,98.4058,163.9556,94.5919,265.5388,0,U,52200,999,21897,-.26428E-4,-.131E-5,0
DAQI-1,2022-039A,2026-06-04T04:07:24.703680,14.57669355,.0002693,98.1488,94.2937,315.5022,44.5961,0,U,52257,999,22004,.8322E-4,.335E-5,0
BRO-6,2022-047AE,2026-06-04T03:53:48.882912,15.49631539,.0005814,97.3402,245.9764,119.3862,240.7971,0,U,52422,999,22913,.70625E-3,.39137E-3,0
JILIN-1 GAOFEN 3D27,2022-048B,2026-06-04T02:54:33.859872,15.72370913,.0002857,97.5707,267.9042,107.6664,252.4911,0,U,52444,999,22742,.85335E-3,.114273E-2,0
JILIN-1 GAOFEN 3D28,2022-048C,2026-06-04T03:27:06.977664,15.74955124,.0002299,97.5640,268.0309,146.6517,213.4892,0,U,52445,999,22747,.91925E-3,.137828E-2,0
VIGORIDE-3,2022-057AE,2026-06-03T15:41:34.139040,15.27129654,.00087855,97.6595,294.2724,163.0539,197.0995,0,U,52760,999,22309,.2471763E-3,.6505E-4,0
ION SCV-006,2022-057AF,2026-06-04T03:33:04.393728,15.44954963,.0017974,97.6094,303.1489,158.1442,202.0576,0,U,52761,999,22410,.31358E-3,.14764E-3,0
SHERPA-AC1,2022-057AH,2026-06-03T07:44:29.503680,15.36058286,.00086669,97.6674,302.9744,135.8969,224.2967,0,U,52763,999,22357,.2357116E-3,.8201E-4,0
OMNI-L2,2022-057AR,2026-06-03T21:11:52.077696,14.81333559,.0007003,97.4720,218.1356,21.9394,338.2118,0,U,52771,999,21842,.22191E-3,.1686E-4,0
STEP CUBE LAB-II,2022-065D,2026-06-04T05:05:32.115264,14.63281667,.0009876,98.2215,299.1548,68.4248,291.8005,0,U,52897,999,20960,.19108E-3,.938E-5,0
RANDEV,2022-065E,2026-06-04T03:33:34.716672,14.63668333,.000924,98.2199,299.4372,69.1449,291.0742,0,U,52898,999,20934,.21016E-3,.1046E-4,0
SNUGLITE-II,2022-065F,2026-06-02T19:38:11.355072,14.64318814,.00086986,98.2186,298.6759,72.9663,287.2492,0,U,52899,999,20889,.2267761E-3,.1149E-4,0
MIMAN,2022-065G,2026-06-04T04:19:23.200032,14.61829457,.0008824,98.2246,297.7293,70.9014,289.3142,0,U,52900,999,20854,.15449E-3,.724E-5,0
STARLINK-4362,2022-077A,2026-06-03T23:22:41.329344,15.05493556,.0001936,97.4266,334.5050,205.0046,155.1088,0,U,53043,999,21389,-.15161E-2,-.21775E-3,0
LARES-2,2022-080A,2026-06-03T13:15:00.088704,6.38965171,.00053798,70.1655,310.0052,337.8766,22.1504,0,U,53105,999,9079,0,-.12E-6,0
GREENCUBE (IO-117),2022-080E,2026-06-01T11:09:37.753056,6.42583280,.00088692,70.1435,303.7143,293.3663,66.6064,0,U,53109,999,9105,0,-.3E-7,0
STARLINK-4410,2022-084R,2026-06-04T04:00:03.000096,15.26491967,.0001534,97.5993,215.9917,94.6644,170.9424,0,U,53204,999,584,.268E-2,.7046E-3,0
COSMOS 2558,2022-089A,2026-06-04T04:13:14.255616,15.72512989,.0000998,97.2257,258.7358,161.6253,198.5048,0,U,53323,999,21578,.8117E-3,.109256E-2,0
TECMS,2022-090A,2026-06-04T04:50:31.554240,15.21313634,.0002154,97.3139,223.6781,228.0404,132.0649,0,U,53346,999,21283,.19273E-3,.4245E-4,0
DONGPO 02,2022-098J,2026-06-04T04:52:33.583008,15.72051903,.0000938,97.5510,285.2936,346.5205,13.6033,0,U,53452,999,21275,.7892E-3,.104122E-2,0
DONGPO 01,2022-098K,2026-06-04T04:14:42.446688,15.70142331,.0000929,97.5578,285.8226,240.5788,119.5381,0,U,53453,999,21271,.74135E-3,.90165E-3,0
STARLINK-4400,2022-099D,2026-06-03T14:54:05.293440,15.05658186,.00017894,97.4074,274.2388,164.1829,195.9455,0,U,53468,999,20890,.68238114E-4,.927E-5,0
STARLINK-4621,2022-105AE,2026-06-03T14:58:05.175264,15.05664165,.00024981,97.4098,34.2540,100.8751,259.2758,0,U,53676,999,20616,-.101964E-3,-.153E-4,0
SHERPA-LTC2,2022-107BG,2026-06-03T14:02:30.177600,14.69514663,.03954958,53.2352,277.9059,187.9440,171.5150,0,U,53754,999,20054,.39248713E-3,.7806E-4,0
CENTISPACE-1 S3,2022-108A,2026-06-04T03:26:11.997024,14.61235903,.0008592,53.5319,109.1957,317.3410,42.6897,0,U,53757,999,19962,.13405E-3,.477E-5,0
CENTISPACE-1 S4,2022-108B,2026-06-04T01:33:51.374016,14.61911920,.0007933,53.5295,107.0981,303.7228,56.2991,0,U,53758,999,19964,.14172E-3,.525E-5,0
BLUEWALKER-3,2022-111AL,2026-06-04T01:18:53.997696,15.38100419,.0007129,53.2291,95.6166,123.9628,236.2056,0,U,53807,999,20818,.21912E-3,.7958E-4,0
YUNHAI-1 03,2022-115A,2026-06-04T03:04:03.804384,14.32708828,.0006045,98.5532,153.4410,86.1983,273.9892,0,U,53877,999,19364,.13887E-3,.334E-5,0
CENTISPACE-1 S5,2022-126A,2026-06-04T04:05:34.719072,14.62992589,.0014073,54.9992,265.0479,48.1639,312.0554,0,U,54020,999,19513,.25229E-3,.1114E-4,0
CENTISPACE-1 S6,2022-126B,2026-06-04T03:46:29.885376,14.62274266,.0015922,54.9995,266.9058,47.6895,312.5445,0,U,54021,999,19509,.20752E-3,.867E-5,0
OTB-3-GAZELLE,2022-127A,2026-06-03T12:50:52.764288,14.42669292,.00121371,98.3939,146.4479,226.2829,133.7356,0,U,54023,999,19239,.66775665E-4,.179E-5,0
ASO-S,2022-129A,2026-06-04T03:52:11.191296,14.52055057,.001537,98.2747,160.4284,129.4258,230.8301,0,U,54029,999,19353,.7398E-4,.255E-5,0
HJ-2E,2022-132A,2026-06-04T04:53:09.592800,15.22109146,.0022051,97.3798,159.8161,58.5444,301.7944,0,U,54035,999,20244,.38225E-3,.8747E-4,0
COSMOS 2561,2022-137A,2026-06-04T04:45:56.665728,15.51361033,.0011815,96.9184,214.6879,77.7123,282.5453,0,U,54109,999,20433,.25343E-3,.14862E-3,0
GONETS-M 23,2022-139A,2026-06-04T03:24:08.585856,12.42890289,.0020548,82.5075,356.4032,249.5797,110.3076,0,U,54150,999,16402,.46619E-4,.16E-6,0
GONETS-M 24,2022-139B,2026-06-04T04:41:19.929984,12.42890858,.0015755,82.4991,355.4386,260.3612,99.5688,0,U,54151,999,16403,.47187E-4,.16E-6,0
GONETS-M 25,2022-139C,2026-06-04T04:21:42.163200,12.42889604,.001967,82.5050,356.1265,258.7828,101.1041,0,U,54152,999,16403,-.12577E-4,.8E-7,0
SKIF-D,2022-139D,2026-06-03T11:11:40.488576,5.00431868,.00073775,89.9527,96.6715,205.1385,154.8675,0,U,54153,999,6342,0,.17E-6,0
MATS,2022-147A,2026-06-03T13:19:05.512224,15.05264744,.00111881,97.6814,156.2114,242.9221,117.0864,0,U,54227,999,19571,.32226245E-3,.4549E-4,0
JILIN-1 GAOFEN 03D54,2022-155D,2026-06-04T03:49:53.579424,15.90911812,.0002765,97.6136,306.6038,273.6129,86.4827,0,U,54254,999,19822,.8239E-3,.255901E-2,.26342E-4
EOS-6 (OCEANSAT-3),2022-158A,2026-06-04T03:54:17.173728,14.46992319,.0001812,98.3531,253.5301,63.5600,296.5778,0,U,54361,999,18595,.1039E-3,.334E-5,0
DONGPO 09,2022-167D,2026-06-04T04:29:15.645696,15.36029394,.0003086,97.6894,325.6171,146.3754,213.7685,0,U,54685,999,19345,.36724E-3,.12807E-3,0
DONGPO 08,2022-167E,2026-06-04T05:02:28.887648,15.33372341,.000764,97.6857,322.8804,204.8617,155.2258,0,U,54686,999,19333,.37532E-3,.12037E-3,0
2022-167F,2022-167F,2026-06-04T04:22:09.253056,15.87357933,.0001491,97.6128,341.5398,156.7072,203.4267,0,U,54687,999,19476,.76544E-3,.204198E-2,0
DONGPO 10,2022-167H,2026-06-04T05:21:51.397920,15.34172431,.0005821,97.6939,324.8156,147.4862,212.6740,0,U,54689,999,19337,.37683E-3,.12392E-3,0
JILIN-1 GAOFEN 03D48,2022-167P,2026-06-04T03:53:55.163328,15.34924292,.0007077,97.6873,324.1253,154.5838,205.5754,0,U,54695,999,19339,.36947E-3,.12445E-3,0
STAR VIBE,2023-001A,2026-06-04T01:34:28.862976,15.42237536,.0006677,97.3172,219.4798,149.5007,210.6629,0,U,55009,999,19020,.37581E-3,.16085E-3,0
BRO-8,2023-001C,2026-06-04T03:00:16.119648,15.48224718,.0006802,97.3214,220.1286,159.1647,200.9882,0,U,55011,999,19018,.6759E-3,.35646E-3,0
CONNECTA T1.2,2023-001D,2026-06-03T03:55:09.140736,15.49691885,.00066151,97.3273,224.6155,139.3460,220.8286,0,U,55012,999,19037,.65994619E-3,.36638E-3,0
BIRKELAND,2023-001G,2026-06-04T02:03:25.005312,15.39839422,.0007885,97.3347,223.0240,142.8936,217.2856,0,U,55015,999,19033,.27297E-3,.10763E-3,0
ION SCV-008,2023-001AU,2026-06-04T05:02:50.059968,15.28413191,.0016103,97.5704,251.3134,61.8958,298.3907,0,U,55051,999,18935,.2761E-3,.7588E-4,0
ION SCV-007,2023-001BD,2026-06-04T01:26:34.798272,14.77541381,.0012841,97.9010,218.3348,24.6962,335.4861,0,U,55060,999,18431,.90406E-4,.595E-5,0
HUYGENS,2023-001CN,2026-06-04T02:03:32.474592,15.39829684,.0011075,97.3252,222.2709,126.1381,234.0891,0,U,55093,999,19035,.26346E-3,.10393E-3,0
SHARJAHSAT-1,2023-001CZ,2026-06-03T23:56:13.701120,15.48546112,.0006895,97.3175,223.5851,141.6624,218.5118,0,U,55104,999,19045,.38983E-3,.20713E-3,0
HORUS 1,2023-025A,2026-06-04T05:07:51.564000,15.23458949,.0001904,97.3463,230.0802,131.8627,228.2772,0,U,55690,999,18207,.27842E-3,.6568E-4,0
HORUS 2,2023-032A,2026-06-04T04:22:54.092064,15.23281582,.0002029,97.3536,230.8450,116.3074,243.8371,0,U,55844,999,17950,.26071E-3,.6113E-4,0
GLOBAL-19,2023-041B,2026-06-02T19:30:51.402816,15.38861461,.00073919,42.0025,285.7177,249.6784,110.3261,0,U,55982,999,17971,.4120608E-3,.15983E-3,0
BRO-9,2023-054H,2026-06-03T07:10:49.636704,15.91575757,.00071186,97.2932,71.6576,124.3069,235.8879,0,U,56185,999,17687,.11638426E-2,.37487E-2,.55169885E-4
ION SCV-010,2023-054Q,2026-06-03T15:40:31.970784,15.26074636,.0011115,97.3796,44.3272,249.8362,110.1681,0,U,56192,999,17413,.21299E-3,.5424E-4,0
TELEOS-2,2023-057C,2026-06-03T07:01:18.663168,14.96408330,.0001114,9.9889,305.3426,186.5335,173.4864,0,U,56310,999,17071,-.22141E-3,-.1889E-4,0
SNIPE 4,2023-072B,2026-06-04T04:06:38.495232,15.41815171,.0005676,97.5258,0.7681,28.5224,331.6332,0,U,56744,999,16810,.55965E-3,.23675E-3,0
SNIPE 2,2023-072C,2026-06-04T04:28:52.240800,15.46174329,.0005478,97.5253,3.7390,56.8833,303.2941,0,U,56745,999,16823,.60371E-3,.29619E-3,0
2023-072G,2023-072G,2026-06-04T05:13:52.586400,15.49808752,.0004295,97.4915,2.5603,48.6139,311.5480,0,U,56749,999,16845,.56401E-3,.31389E-3,0
GEISAT PRECURSOR,2023-084C,2026-06-04T04:15:33.551424,15.34466588,.0006205,97.6214,295.7053,43.7540,316.4193,0,U,56934,999,16553,.24171E-3,.799E-4,0
BLACKJACK ACES-3,2023-084U,2026-06-03T14:16:30.810720,15.18373959,.0003593,97.6202,289.6853,73.1821,286.9806,0,U,56950,999,16510,.32012E-3,.6511E-4,0
BLACKJACK ACES-2,2023-084Z,2026-06-03T08:06:42.215904,15.18428108,.00018199,97.6196,289.5098,74.9989,285.1446,0,U,56955,999,16507,.38299822E-3,.7817E-4,0
BLACKJACK ACES-1,2023-084AA,2026-06-04T02:48:17.651808,15.18428766,.0001305,97.6188,290.0695,95.5656,264.5727,0,U,56956,999,11491,.4046E-3,.8262E-4,0
ION SCV-011,2023-084AB,2026-06-04T00:59:17.066400,15.28711477,.0008525,98.1379,341.1038,85.2426,274.9785,0,U,56957,999,16380,.22001E-3,.606E-4,0
GHOST-3,2023-084AC,2026-06-03T23:22:14.426112,15.47432981,.0005765,97.6204,302.8427,350.6857,9.4284,0,U,56958,999,16597,.36922E-3,.18854E-3,0
TOMORROW-R2,2023-084AG,2026-06-01T23:45:30.045312,15.96505288,.00049877,97.5934,315.1284,253.0499,107.0230,0,U,56962,999,16662,.75292474E-3,.314044E-2,.41565588E-4
AFR-1,2023-084AJ,2026-06-04T03:20:30.769728,15.28439356,.0011132,97.6263,291.5186,32.6155,327.5769,0,U,56964,999,16523,.18453E-3,.5037E-4,0
METEOR-M2 3,2023-091A,2026-06-04T04:05:05.589312,14.24045698,.0003598,98.6087,210.4142,191.2743,168.8355,0,U,57166,999,15266,.27162E-4,.19E-6,0
UMKA 1 (RS40S),2023-091G,2026-06-04T04:44:01.225824,15.20660736,.0013476,97.5051,213.9455,158.8466,201.3329,0,U,57172,999,16203,.32161E-3,.7009E-4,0
2023-091H,2023-091H,2026-06-04T03:43:33.084192,15.28339676,.0010812,97.5050,218.2442,153.0730,207.1073,0,U,57173,999,16231,.4555E-3,.12525E-3,0
2023-091J,2023-091J,2026-06-04T04:00:47.350080,15.13833474,.0013135,97.5056,208.4497,186.0932,174.0142,0,U,57174,999,16166,.26388E-3,.4712E-4,0
CUBEBEL 2 (EU11S),2023-091K,2026-06-04T03:50:56.274720,15.28827712,.0010817,97.5053,218.2637,154.7011,205.4760,0,U,57175,999,16231,.50309E-3,.14052E-3,0
SITRO-AIS 5 (KATYS),2023-091L,2026-06-04T04:19:14.298240,15.29142500,.0012514,97.5062,218.9583,143.7556,216.4534,0,U,57176,999,16235,.51909E-3,.14652E-3,0
ZORKIY-2M 1,2023-091M,2026-06-04T04:25:20.826048,15.20724234,.0014104,97.5092,214.1920,156.3845,203.8040,0,U,57177,999,16202,.38307E-3,.8381E-4,0
CUBESX-HSE 3 (RS42S),2023-091N,2026-06-04T04:01:42.282336,15.30869571,.0012045,97.5094,220.5936,134.9325,225.2895,0,U,57178,999,16243,.50399E-3,.15001E-3,0
MONITOR-3 (RS58S),2023-091Q,2026-06-04T03:56:00.938400,15.27565922,.0012863,97.5085,218.5166,141.1957,219.0208,0,U,57180,999,16230,.44641E-3,.11994E-3,0
MONITOR-4 (RS57S),2023-091S,2026-06-04T03:26:58.295328,15.27663554,.0012805,97.5078,218.4669,141.6583,218.5569,0,U,57182,999,16230,.46321E-3,.12486E-3,0
MONITOR-2 (RS39S),2023-091U,2026-06-04T04:51:20.170656,15.18783513,.0012066,97.5075,213.5700,151.3600,208.8299,0,U,57184,999,16198,.27231E-3,.5604E-4,0
SVYATOBOR 1 (RS60S),2023-091X,2026-06-04T03:29:52.985760,15.26381950,.0010712,97.5090,218.8925,133.7795,226.4331,0,U,57187,999,16232,.38898E-3,.10063E-3,0
HORS 1,2023-091Y,2026-06-04T03:10:19.849152,15.26481984,.0010202,97.5069,218.6431,133.1490,227.0603,0,U,57188,999,16232,.40807E-3,.10592E-3,0
VIZARD-METEO (RS38S),2023-091Z,2026-06-04T02:48:12.600864,15.35589021,.0008752,97.5093,224.3441,116.2926,243.9218,0,U,57189,999,16268,.54136E-3,.18692E-3,0
SITRO-AIS 6 (CHIRKIN),2023-091AC,2026-06-04T01:31:35.441760,15.25671093,.0012731,97.5070,218.0290,147.2959,212.9070,0,U,57192,999,16228,.46513E-3,.11802E-3,0
SITRO-AIS 8 (ANOKHIN),2023-091AD,2026-06-04T03:42:05.745024,15.31766300,.0011702,97.5059,220.4686,139.9672,220.2434,0,U,57193,999,16245,.5312E-3,.16264E-3,0
SITRO-AIS 7 (FARTUSHNIY),2023-091AE,2026-06-04T03:06:45.578880,15.25367697,.0012561,97.5068,217.9269,148.0097,212.1906,0,U,57194,999,16228,.4758E-3,.11965E-3,0
AVION KALUGA 650,2023-091AF,2026-06-04T04:41:57.084576,15.20207055,.00113,97.5092,214.8257,149.1743,211.0158,0,U,57195,999,16205,.31052E-3,.6671E-4,0
HORS 2,2023-091AG,2026-06-04T03:56:05.413056,15.31539678,.0009537,97.5090,222.0191,126.3026,233.9097,0,U,57196,999,16253,.50461E-3,.15324E-3,0
A-SEANSAT-PG1,2023-091AH,2026-06-04T04:24:12.036096,15.36487784,.0008632,97.5082,224.4919,123.0692,237.1381,0,U,57197,999,16271,.59375E-3,.21114E-3,0
SITRO-AIS 10 (BURDAEV),2023-091AK,2026-06-04T02:38:16.522080,15.38090582,.0007997,97.5082,225.3446,118.3858,241.8193,0,U,57199,999,16275,.59183E-3,.22163E-3,0
SITRO-AIS 9 (SHCHUKIN),2023-091AM,2026-06-04T01:36:42.007968,15.37617517,.0008209,97.5081,225.0409,118.6662,241.5408,0,U,57201,999,16273,.58331E-3,.2151E-3,0
UTMN 2 (RS27S),2023-091AP,2026-06-04T04:37:19.921152,15.31717738,.000945,97.5089,222.2366,122.2122,238.0036,0,U,57203,999,16255,.48662E-3,.14856E-3,0
SITRO-AIS 12 (SMIRENNIY),2023-091AQ,2026-06-04T04:34:08.572800,15.37912761,.0007849,97.5093,225.6260,113.3448,246.8623,0,U,57204,999,16277,.59582E-3,.22184E-3,0
SITRO-AIS 11 (SHEFFER),2023-091AU,2026-06-04T00:17:33.527040,15.38315620,.0007793,97.5091,225.6821,113.8409,246.3653,0,U,57208,999,16276,.608E-3,.22939E-3,0
H2SAT (HEINRICH HERTZ),2023-093A,2026-06-04T03:17:58.373088,1.00272490,.0000975,0.0448,123.4904,332.0680,207.2004,0,U,57213,999,1078,0,.14E-6,0
KUZGTU 1 (RS47S),2023-091AV,2026-06-04T01:58:16.815648,15.29543001,.0012168,97.5065,219.4315,138.4350,221.7817,0,U,57217,999,16237,.47282E-3,.13501E-3,0
QIANKUN-1,2023-103B,2026-05-31T16:15:12.115584,16.07626689,.00240549,96.1558,197.6671,142.5816,217.7151,0,U,57422,999,16464,.28012432E-4,.22767E-3,.1887657E-5
FENGYUN 3F,2023-111A,2026-06-04T03:35:19.057632,14.19936767,.0001552,98.6837,225.4008,102.9046,257.2304,0,U,57490,999,14701,.51368E-4,.66E-6,0
METEOR 2-1 DEB,1975-064F,2026-05-27T08:46:58.329696,14.29312775,.00089226,81.2776,20.0937,110.2601,249.9540,0,U,57492,999,40001,.26148689E-2,.6671E-4,0
HJ-2F,2023-116A,2026-06-04T04:06:27.165600,15.22124654,.0010587,97.3843,160.6185,89.5122,270.7328,0,U,57519,999,15677,.38323E-3,.8729E-4,0
XRISM,2023-137A,2026-06-02T06:36:16.681248,15.12327778,.00076942,31.0020,96.1840,175.1081,184.9634,0,U,57800,999,15060,.31044403E-3,.5615E-4,0
METEOR-M2 4,2024-039A,2026-06-04T04:05:00.947904,14.22428116,.000652,98.7005,114.6323,199.0460,161.0475,0,U,59051,999,11741,.28399E-4,.19E-6,0
GRBBETA,2024-128C,2026-06-03T21:06:39.763296,15.06538097,.0042441,61.9905,262.9523,131.9230,228.5494,0,U,60237,999,10426,.33246E-3,.4824E-4,0
TRANSPORTER-11 OBJECT A,2024-149A,2026-06-04T02:19:44.312160,15.32684039,.0001737,97.3731,235.0694,255.7782,104.3267,0,U,60468,999,10005,.30792E-3,.9643E-4,0
WARATAH SEED-1,2024-149B,2026-06-04T00:21:17.876736,15.35600421,.0000334,97.3686,235.5807,231.4383,128.6830,0,U,60469,999,10009,.42975E-3,.14804E-3,0
PHISAT 2,2024-149C,2026-06-03T04:34:42.090816,15.30847663,.0000387,97.3758,233.4871,22.1476,337.9781,0,U,60470,999,9985,.28332731E-3,.837E-4,0
LEMUR-2-TOMATOKECHUP,2024-149D,2026-06-03T05:31:21.546336,15.35726512,.0000172,97.3801,236.2448,277.6232,82.4992,0,U,60471,999,10002,.35632E-3,.12306E-3,0
CONNECTA IOT-1,2024-149E,2026-06-04T00:36:29.786400,15.23434339,.0001479,97.3757,231.5397,21.4948,338.6351,0,U,60472,999,9979,.20676E-3,.4854E-4,0
LOPEN,2024-149F,2026-06-03T05:17:37.010400,15.39265130,.0000472,97.3778,237.4835,35.6269,324.5007,0,U,60473,999,10011,.44298E-3,.17188E-3,0
ROCK,2024-149G,2026-06-03T23:41:34.098144,15.39289776,.0000258,97.3776,238.2728,344.2354,15.8884,0,U,60474,999,10023,.43894E-3,.17044E-3,0
CONNECTA IOT-3,2024-149H,2026-06-03T04:37:50.543040,15.23438456,.0001973,97.3735,230.4789,347.7762,12.3426,0,U,60475,999,9967,.19301E-3,.4527E-4,0
QUBE,2024-149J,2026-06-03T04:49:03.224064,15.46541296,.0000808,97.3777,240.3719,258.4130,101.7029,0,U,60476,999,10030,.57333E-3,.28464E-3,0
WREN-1,2024-149L,2026-06-03T22:55:14.928960,15.41022159,.0002942,97.3764,238.9344,317.3936,42.7082,0,U,60478,999,10028,.55686E-3,.22935E-3,0
TOMORROW-S1,2024-149M,2026-06-03T03:56:37.902048,15.32510214,.00011848,97.3751,234.6831,324.5506,35.5657,0,U,60479,999,9994,.27147157E-3,.8445E-4,0
FLOCK 4BE-18,2024-149N,2026-06-04T02:22:56.070048,15.41413780,.0002209,97.3726,238.6961,307.7451,52.3595,0,U,60480,999,10029,.45794E-3,.19081E-3,0
FLOCK 4BE-7,2024-149P,2026-06-04T00:40:39.000288,15.39757452,.0001526,97.3758,237.9906,318.9487,41.1644,0,U,60481,999,10022,.61294E-3,.24224E-3,0
FLOCK 4BE-26,2024-149S,2026-06-04T00:20:04.141248,15.65019598,.0004179,97.3658,240.4098,227.1632,132.9277,0,U,60484,999,10040,.12806E-2,.127308E-2,0
TOMORROW-S2,2024-149T,2026-06-03T04:40:56.364384,15.32534771,.0001943,97.3818,235.1890,356.6816,3.4413,0,U,60485,999,9994,.27787E-3,.8653E-4,0
FLOCK 4BE-36,2024-149U,2026-06-04T04:59:24.096192,15.42308842,.0002327,97.3746,239.4845,329.8703,30.2410,0,U,60486,999,10035,.44178E-3,.18962E-3,0
FLOCK 4BE-25,2024-149V,2026-06-03T04:05:31.900704,15.38453016,.00009064,97.3800,237.2298,343.7958,16.3258,0,U,60487,999,10008,.42683966E-3,.16123E-3,0
FLOCK 4BE-31,2024-149W,2026-06-03T12:53:03.021792,15.43539597,.00013317,97.3801,239.6263,349.7691,10.3530,0,U,60488,999,10027,.49955542E-3,.22366E-3,0
FLOCK 4BE-20,2024-149X,2026-06-03T04:36:22.761504,15.37675390,.00023437,97.3697,236.1662,332.9915,27.1208,0,U,60489,999,10006,.42332201E-3,.15591E-3,0
FLOCK 4BE-23,2024-149Y,2026-06-03T05:51:06.840288,15.37307719,.0002227,97.3781,236.5870,345.0947,15.0231,0,U,60490,999,10005,.39355E-3,.14315E-3,0
FLOCK 4BE-15,2024-149Z,2026-06-03T11:24:49.964256,15.57372295,.00011239,97.3676,239.3682,256.0143,104.0988,0,U,60491,999,10029,.164912E-2,.122211E-2,0
FLOCK 4BE-17,2024-149AA,2026-06-03T04:21:53.111808,15.39358664,.00015565,97.3775,237.4449,326.5058,33.6089,0,U,60492,999,10010,.4505142E-3,.17537E-3,0
NUSAT-50 (NANCY ROMAN),2024-149AB,2026-06-04T00:29:28.557888,15.29616652,.0002223,97.3786,236.3708,223.4232,136.6833,0,U,60493,999,10011,.35913E-3,.10236E-3,0
FLOCK 4BE-22,2024-149AC,2026-06-03T21:21:58.373280,15.40745948,.0002374,97.3735,238.3291,334.1167,25.9960,0,U,60494,999,10025,.45501E-3,.18543E-3,0
FLOCK 4BE-34,2024-149AD,2026-06-03T04:37:57.536256,15.40733082,.00024681,97.3782,238.4396,353.6866,6.4349,0,U,60495,999,10017,.43532108E-3,.17728E-3,0
TYCHE,2024-149AE,2026-06-03T22:55:00.736032,15.25873631,.0001356,97.3753,232.9477,3.7951,356.3298,0,U,60496,999,9988,.20152E-3,.5089E-4,0
FLOCK 4BE-32,2024-149AF,2026-06-03T05:38:48.854688,15.41663850,.0002398,97.3722,238.0171,342.1763,17.9399,0,U,60497,999,10018,.48816E-3,.2052E-3,0
NUSAT-48 (HENRIETTA LEAVITT),2024-149AG,2026-06-03T03:51:00.624096,15.30226374,.00030327,97.3904,235.7313,345.8482,14.2673,0,U,60498,999,9999,.37439276E-3,.10878E-3,0
FLOCK 4BE-30,2024-149AH,2026-06-03T05:26:31.528320,15.53022279,.0002042,97.3782,239.3119,228.7845,131.3232,0,U,60499,999,9960,.21053E-2,.133304E-2,0
NUSAT-49 (KLARA DAN VON NEUMANN),2024-149AJ,2026-06-03T11:10:42.763008,15.30263080,.00022568,97.3778,235.8486,35.5434,324.5957,0,U,60500,999,10003,.34140723E-3,.9923E-4,0
FLOCK 4BE-11,2024-149AK,2026-06-03T05:41:48.639264,15.42496654,.0002454,97.3705,238.2358,340.6062,19.5091,0,U,60501,999,10020,.43869E-3,.18948E-3,0
YAM-7,2024-149AN,2026-06-03T04:59:07.507392,15.31616162,.0003098,97.3784,234.5157,12.6430,347.4889,0,U,60504,999,9991,.26879E-3,.813E-4,0
FLOCK 4BE-24,2024-149AP,2026-06-03T19:23:59.959104,15.42549214,.00027729,97.3717,239.0643,347.5290,12.5888,0,U,60505,999,10030,.50060675E-3,.2168E-3,0
LUR-1,2024-149AQ,2026-06-04T02:21:18.426816,15.29927979,.0004003,97.3739,234.0226,14.6350,345.5006,0,U,60506,999,9997,.28039E-3,.8051E-4,0
TANAGER-1,2024-149AR,2026-06-03T21:09:17.506368,15.44878007,.0003837,97.2828,249.1210,357.1996,2.9230,0,U,60507,999,10098,.24806E-3,.11564E-3,0
EAGLEEYE,2024-149AS,2026-06-04T00:54:59.571936,15.68509188,.0002663,97.3728,247.6740,276.6116,83.4842,0,U,60508,999,10087,.80786E-3,.91923E-3,0
FLOCK 4BE-29,2024-149AT,2026-06-03T04:19:51.061440,15.43656564,.00022345,97.3812,239.8471,18.3317,341.8011,0,U,60509,999,10025,.41767418E-3,.18751E-3,0
TRANSPORTER-11 OBJECT AU,2024-149AU,2026-06-04T04:37:36.542784,15.39847484,.0002969,97.3730,238.8131,358.0782,2.0452,0,U,60510,999,10031,.42501E-3,.16807E-3,0
FLOCK 4BE-2,2024-149AV,2026-06-04T00:50:40.871328,15.51274572,.0002111,97.3831,241.9688,323.4896,36.6212,0,U,60511,999,10046,.98932E-3,.58245E-3,0
FLOCK 4BE-13,2024-149AW,2026-06-04T01:04:55.312032,15.41518471,.0002909,97.3720,239.3235,330.5983,29.5100,0,U,60512,999,10034,.3803E-3,.15882E-3,0
FLOCK 4BE-27,2024-149AX,2026-06-03T22:55:45.810048,15.34204933,.0003668,97.3825,236.8026,14.1325,346.0020,0,U,60513,999,10011,.30973E-3,.10179E-3,0
FLOCK 4BE-9,2024-149AY,2026-06-04T00:50:02.375808,15.40392216,.0002231,97.3790,239.1827,16.0745,344.0572,0,U,60514,999,10029,.43932E-3,.1769E-3,0
FLOCK 4BE-6,2024-149BA,2026-06-03T12:47:46.598208,15.39191977,.0002825,97.3789,238.0605,10.7720,349.3585,0,U,60516,999,10017,.40005E-3,.15475E-3,0
FLOCK 4BE-14,2024-149BB,2026-06-03T11:08:31.609536,15.40548180,.00036415,97.3697,238.1159,1.9742,358.1518,0,U,60517,999,10021,.46612032E-3,.18877E-3,0
FLOCK 4BE-1,2024-149BC,2026-06-04T00:19:24.438720,15.42146793,.0003362,97.3779,239.9002,358.8581,1.2658,0,U,60518,999,10034,.48253E-3,.20613E-3,0
FLOCK 4BE-28,2024-149BD,2026-06-04T01:08:03.570720,15.44427824,.000331,97.3746,240.6178,352.1802,7.9394,0,U,60519,999,10041,.42723E-3,.19693E-3,0
IPERDRONE.0,2024-149BE,2026-06-03T05:53:39.780384,15.64625891,.0002237,97.3781,246.7910,263.5446,96.5558,0,U,60520,999,10073,.79644E-3,.77419E-3,0
TRANSPORTER-11 OBJECT BF,2024-149BF,2026-06-03T05:03:34.873056,15.78829271,.0004143,97.3774,249.1325,254.4467,105.6342,0,U,60521,999,10087,.11419E-2,.204654E-2,0
CONNECTA IOT-2,2024-149BG,2026-06-03T12:32:06.192096,15.23853521,.00068893,97.3839,232.8759,27.3779,332.7820,0,U,60522,999,9981,.21540778E-3,.5127E-4,0
PTD-R (TYVAK-0127),2024-149BH,2026-06-03T06:15:56.934432,15.99581707,.0005833,97.3876,253.7884,270.1081,89.9528,0,U,60523,999,10120,.13001821E-2,.642488E-2,.18643626E-3
CONNECTA IOT-4,2024-149BJ,2026-06-04T02:21:17.536896,15.41650668,.0004468,97.3795,239.3187,347.1728,12.9405,0,U,60524,999,10031,.52988E-3,.22282E-3,0
ORESAT0.5,2024-149BK,2026-06-03T04:35:54.506112,15.44531443,.0004447,97.3723,239.9838,340.1372,19.9703,0,U,60525,999,10031,.47997E-3,.22224E-3,0
DEIMOS,2024-149BL,2026-06-03T05:11:19.576320,15.43704684,.0004554,97.3784,240.1556,348.5586,11.5558,0,U,60526,999,10029,.46923E-3,.21123E-3,0
CUAVA-2,2024-149BM,2026-06-04T04:24:49.303008,15.35808735,.0005963,97.3724,236.6839,351.1978,8.9160,0,U,60527,999,10017,.399E-3,.13836E-3,0
ERNST,2024-149BN,2026-06-04T00:52:04.672416,15.38849600,.0005297,97.3807,238.6607,357.1854,2.9360,0,U,60528,999,10025,.39499E-3,.15112E-3,0
TORO,2024-149BQ,2026-06-03T19:10:48.535968,14.96368955,.00013713,97.6779,229.7174,86.0575,274.0804,0,U,60530,999,9795,.18576119E-3,.2046E-4,0
HYPSO-2,2024-149BR,2026-06-04T04:21:53.935200,14.98737079,.0002153,97.6836,231.6334,61.9102,298.2338,0,U,60531,999,9810,.22011E-3,.259E-4,0
LEMU NGE,2024-149BS,2026-06-03T19:09:31.598496,14.94893326,.00024163,97.6838,230.0288,82.3276,277.8220,0,U,60532,999,9795,.21903132E-3,.2332E-4,0
LEMUR-2-STELLA,2024-149BT,2026-06-03T18:38:33.941472,15.11502384,.00019303,97.6744,237.1777,107.4795,252.6646,0,U,60533,999,9847,.78876653E-3,.13306E-3,0
SATELIOT_2,2024-149BU,2026-06-03T14:02:36.456288,14.96310004,.0001765,97.6828,229.7899,100.7432,259.3988,0,U,60534,999,9793,.15831E-3,.1733E-4,0
NIGHTJAR,2024-149BV,2026-06-03T04:10:31.741536,14.98947086,.00027286,97.6870,231.0747,96.5884,263.5650,0,U,60535,999,14077,.31751259E-3,.3784E-4,0
LEMUR-2-MARHISYAM,2024-149BW,2026-06-03T05:20:23.402112,15.10956429,.0003024,97.6883,237.0548,140.8634,219.2814,0,U,60536,999,9837,.77357E-3,.12853E-3,0
SATELIOT_4,2024-149BX,2026-06-03T19:11:03.974784,14.96614910,.00032153,97.6730,229.5368,87.4025,272.7565,0,U,60537,999,9797,.18485283E-3,.2049E-4,0
PICO-02A021,2024-149BY,2026-06-03T10:53:09.754368,15.03106045,.00060113,97.6731,233.4072,69.7180,290.4690,0,U,60538,999,9767,.40227106E-3,.537E-4,0
ICEYE-X43,2024-149BZ,2026-06-03T05:11:57.647616,14.99887483,.0007144,97.6759,231.3751,126.0876,234.1010,0,U,60539,999,9802,.36396E-3,.4456E-4,0
HAWK-10A,2024-149CA,2026-06-03T19:07:16.615776,14.96467140,.00045597,97.6887,230.9385,110.3475,249.8237,0,U,60540,999,9798,.1413536E-3,.1547E-4,0
UMBRA-09,2024-149CB,2026-06-03T05:21:18.737856,15.17593985,.0000429,97.6966,241.1946,102.7819,257.3461,0,U,60541,999,9860,.86864E-3,.17416E-3,0
QPS-SAR-8 (AMATERU-IV),2024-149CC,2026-06-03T05:20:48.803712,15.03990937,.0004306,97.6673,233.4908,141.5322,218.6211,0,U,60542,999,9817,.46887E-3,.6418E-4,0
ARCTIC WEATHER SATELLITE,2024-149CD,2026-06-02T18:43:53.272416,14.89805255,.00032,97.6803,224.6573,132.0767,228.0723,0,U,60543,999,9715,.10224E-3,.927E-5,0
CAPELLA-15 (ACADIA-5),2024-149CE,2026-06-03T18:41:38.294016,14.92424531,.0004894,97.6778,228.0181,117.0158,243.1561,0,U,60544,999,9785,.69564279E-3,.7077E-4,0
HAWK-10B,2024-149CF,2026-06-03T19:07:03.592704,14.96467981,.00062566,97.6807,230.3072,129.8700,230.3073,0,U,60545,999,9798,.14765249E-3,.1619E-4,0
ICEYE-X39,2024-149CG,2026-06-03T06:24:29.049696,14.99808550,.0003884,97.6767,231.4813,153.1050,207.0375,0,U,60546,999,9803,.32684E-3,.3986E-4,0
UMBRA-10,2024-149CH,2026-06-03T05:20:40.384032,15.17595745,.000152,97.6976,241.2208,75.1748,284.9653,0,U,60547,999,9861,.89226E-3,.17894E-3,0
ICEYE-X33,2024-149CJ,2026-06-03T07:15:03.638880,15.00904331,.00010723,97.7229,233.5224,126.2639,233.8684,0,U,60548,999,9812,.3441655E-3,.4323E-4,0
ICEYE-X40,2024-149CK,2026-06-03T04:58:52.044384,14.97891594,.0005768,97.6796,230.9286,120.9141,239.2649,0,U,60549,999,9798,.14034E-3,.1595E-4,0
SATELIOT_1,2024-149CL,2026-06-03T11:12:34.338240,14.98005830,.00074354,97.6740,230.5945,118.4028,241.7945,0,U,60550,999,9801,.20381007E-3,.235E-4,0
BRO-14,2024-149CM,2026-06-03T03:36:59.097600,14.96143157,.00078602,97.6873,230.1804,136.2798,223.9047,0,U,60551,999,9789,.12138658E-3,.131E-4,0
SATELIOT_3,2024-149CN,2026-06-03T18:38:32.192736,14.98007756,.00066151,97.6834,231.6772,117.5516,242.6379,0,U,60552,999,9807,.21602671E-3,.2494E-4,0
BRO-15,2024-149CP,2026-06-03T19:14:23.698752,14.96101593,.00091846,97.6801,230.4339,127.3058,232.9002,0,U,60553,999,9800,.76976059E-4,.809E-5,0
UM5-RIBAT,2024-149CQ,2026-06-02T17:45:17.780832,15.00988548,.00039373,97.6644,231.7350,84.5930,275.5743,0,U,60554,999,9802,.27354968E-3,.3432E-4,0
UM5-EOSAT,2024-149CR,2026-06-04T01:02:19.764384,15.01423436,.0008409,97.6670,233.9388,153.3644,206.8013,0,U,60555,999,9824,.34278E-3,.4368E-4,0
LASARSAT,2024-247Q,2026-06-03T22:10:16.072032,15.45494859,.0008048,44.9754,336.7002,258.6055,101.3931,0,U,62391,999,8126,.75515E-3,.36882E-3,0
CROCUBE,2024-247T,2026-05-30T23:58:07.998816,15.46917883,.00073418,44.9730,356.3242,240.2660,119.7500,0,U,62394,999,8068,.86080924E-3,.44257E-3,0
TEVEL2-4,2025-052D,2026-06-02T05:56:32.581248,15.34050425,.00040908,97.3927,49.6197,133.0862,227.0724,0,U,63213,999,6782,.60334383E-3,.19833E-3,0
TEVEL2-5,2025-052E,2026-06-03T15:16:24.127104,15.33944349,.0004039,97.3916,50.9614,130.1667,229.9930,0,U,63214,999,6803,.6102E-3,.19992E-3,0
TEVEL2-6,2025-052F,2026-06-03T15:33:41.668416,15.33906822,.0004181,97.3918,50.9581,130.1242,230.0368,0,U,63215,999,6803,.61519E-3,.20133E-3,0
TEVEL2-1,2025-052H,2026-06-02T16:39:16.232832,15.33355434,.0003899,97.3886,49.6443,141.0246,219.1278,0,U,63217,999,6787,.61840095E-3,.19888E-3,0
TEVEL2-3,2025-052J,2026-06-03T05:04:02.160768,15.33427572,.0003877,97.3892,50.1814,141.5958,218.5561,0,U,63218,999,6795,.61001E-3,.19661E-3,0
TEVEL2-2,2025-052K,2026-06-03T14:35:25.630656,15.33398099,.0003813,97.3889,50.5598,141.3409,218.8107,0,U,63219,999,6801,.63028E-3,.203E-3,0
TEVEL2-9,2025-052AD,2026-06-03T05:47:26.866752,15.31447810,.0006417,97.3950,49.5986,171.9085,188.2261,0,U,63237,999,6789,.59759E-3,.18105E-3,0
TEVEL2-7,2025-052AE,2026-06-03T14:33:06.588864,15.31176236,.00064176,97.3955,49.8841,171.2563,188.8791,0,U,63238,999,6794,.58397265E-3,.17541E-3,0
TEVEL2-8,2025-052AF,2026-06-03T22:35:19.148640,15.31169698,.0006473,97.3952,50.1954,170.8239,189.3121,0,U,63239,999,6799,.57066E-3,.17135E-3,0
FORESAIL-1 PRIME,2025-276DS,2026-06-03T21:13:29.893728,15.18574549,.0003556,97.4202,228.3996,131.6607,228.4932,0,U,66778,999,2838,.29269E-3,.5984E-4,0
